person,boat,without-boat person
0,0,0
8,4,0
8,3,0
8,3,0
9,3,0
8,4,0
7,3,0
8,3,0
9,3,0
9,3,0
8,3,0
9,3,0
8,3,1
10,4,0
10,3,1
10,3,0
10,4,0
10,4,0
12,4,0
11,5,0
11,4,0
11,3,0
10,3,0
9,3,0
9,3,0
9,4,0
10,3,0
10,4,0
9,4,0
8,4,0
9,3,0
10,4,0
10,4,0
11,4,0
10,4,0
9,3,0
8,3,0
9,3,0
11,3,0
11,3,0
10,3,0
8,3,0
8,3,0
9,3,0
9,3,0
9,3,0
8,3,0
9,2,3
9,2,4
9,2,4
8,2,3
9,4,0
10,2,4
10,2,5
11,4,0
9,4,0
11,3,0
10,3,0
9,3,0
9,4,0
9,3,0
6,3,0
7,2,4
10,3,0
8,2,3
6,2,3
10,2,3
8,2,3
8,2,3
7,2,2
5,2,0
3,3,0
6,2,0
4,3,0
4,3,0
6,2,0
6,2,0
5,2,0
6,2,0
4,2,0
6,3,0
8,2,2
6,1,6
6,3,1
4,2,0
6,2,0
5,2,0
6,2,1
6,2,1
4,2,0
4,2,0
4,2,0
3,3,0
3,2,0
1,2,0
1,2,0
4,2,0
0,1,0
0,1,0
0,1,0
0,1,0
0,1,0
0,1,0
1,1,0
1,1,0
2,1,0
1,1,0
0,1,0
0,1,0
0,1,0
0,0,0
0,0,0
0,0,0
0,0,0
0,0,0
0,0,0
0,0,0
0,0,0
0,0,0
0,0,0
0,0,0
0,0,0
0,0,0
0,0,0
0,0,0
0,0,0
0,0,0
0,0,0
1,0,1
0,0,0
0,0,0
0,0,0
0,0,0
0,0,0
0,0,0
0,0,0
0,0,0
0,0,0
0,0,0
0,0,0
0,0,0
0,0,0
0,0,0
0,0,0
0,0,0
0,0,0
0,0,0
0,0,0
0,0,0
0,0,0
0,0,0
0,0,0
0,0,0
1,0,1
0,0,0
0,0,0
0,0,0
0,0,0
0,0,0
0,0,0
1,0,1
0,0,0
0,0,0
1,0,1
1,0,1
2,0,2
1,0,1
1,0,1
1,1,0
1,1,0
1,1,0
2,1,0
3,1,1
1,1,0
1,0,1
0,0,0
0,0,0
0,0,0
0,0,0
0,0,0
1,0,1
1,0,1
0,0,0
1,0,1
0,0,0
0,0,0
1,0,1
0,0,0
1,0,1
1,1,0
2,1,0
0,0,0
0,1,0
1,1,0
2,0,2
2,1,0
2,1,0
1,1,0
1,1,0
1,1,0
0,1,0
0,1,0
1,1,0
2,1,0
1,1,0
2,1,0
2,1,0
2,1,0
2,1,0
2,1,0
3,1,0
3,1,0
2,1,0
2,1,0
2,1,0
2,1,0
1,1,0
2,1,0
2,1,0
2,1,0
2,1,0
2,1,0
2,1,0
2,1,0
1,1,0
2,1,0
2,1,0
2,1,0
2,1,0
1,1,0
2,1,0
2,1,0
2,1,0
2,1,0
2,1,0
2,1,0
2,1,0
2,1,0
1,1,0
1,1,0
1,1,0
1,1,0
2,1,0
2,1,0
2,1,0
2,1,0
2,1,0
2,1,0
2,1,0
2,1,0
2,1,0
2,1,0
2,1,0
2,0,2
2,1,0
3,1,0
3,0,3
2,0,2
2,1,0
2,0,2
2,1,0
1,1,0
2,1,0
2,1,0
3,1,0
0,1,0
1,1,0
0,1,0
1,1,0
1,1,0
0,1,0
0,1,0
0,0,0
0,1,0
0,1,0
1,1,0
0,1,0
0,1,0
1,0,1
2,1,0
0,1,0
0,0,0
1,1,1
0,1,0
1,1,0
0,0,0
1,0,1
1,0,1
3,0,3
0,0,0
0,0,0
0,0,0
0,0,0
0,0,0
0,0,0
0,0,0
0,0,0
0,0,0
0,0,0
0,0,0
0,0,0
0,0,0
0,0,0
0,0,0
0,0,0
0,0,0
0,0,0
0,0,0
0,0,0
0,0,0
0,0,0
0,0,0
0,0,0
0,0,0
0,0,0
0,0,0
0,0,0
0,0,0
0,0,0
0,0,0
0,0,0
0,0,0
0,0,0
0,0,0
0,0,0
0,0,0
0,0,0
0,0,0
0,0,0
0,0,0
1,0,1
1,0,1
2,0,2
0,0,0
2,0,2
3,0,3
2,0,2
2,0,2
2,0,2
1,0,1
2,0,2
0,0,0
0,0,0
2,0,2
0,0,0
0,0,0
0,0,0
0,0,0
2,0,2
2,0,2
0,0,0
0,0,0
0,0,0
0,0,0
0,0,0
0,0,0
0,0,0
0,0,0
0,0,0
0,0,0
0,0,0
1,1,0
3,1,0
1,0,1
2,0,2
0,0,0
0,0,0
0,0,0
3,0,3
3,0,3
4,0,4
4,0,4
4,0,4
4,0,4
4,0,4
4,0,4
5,0,5
6,0,6
6,0,6
5,0,5
5,1,0
5,1,0
5,1,0
5,1,0
5,1,0
5,1,0
5,1,0
4,1,0
5,1,0
5,0,5
5,1,0
6,0,6
6,1,0
7,1,0
5,1,0
5,1,0
8,1,0
8,1,0
7,1,0
7,1,0
7,1,0
5,1,0
6,1,0
6,1,0
7,1,0
6,1,0
6,1,0
6,1,0
8,1,0
8,1,1
8,1,0
8,1,0
7,1,0
6,1,0
6,1,0
8,1,0
9,1,0
9,1,0
9,1,0
8,1,0
10,1,0
7,1,1
8,1,1
5,1,0
7,1,1
8,1,2
6,1,1
6,0,6
6,1,2
6,1,1
6,1,0
6,1,1
6,1,1
4,1,1
5,1,0
2,0,2
2,1,0
4,1,2
4,1,2
4,1,0
1,1,0
4,1,0
3,1,0
3,1,0
3,1,0
3,1,0
5,1,0
5,1,0
6,1,0
5,1,0
4,1,0
4,1,0
3,1,0
4,1,0
5,1,1
4,1,0
6,1,0
6,1,0
6,1,0
6,1,0
6,1,0
7,1,0
7,1,0
8,1,0
9,1,0
9,1,0
8,1,0
8,1,0
8,1,0
8,1,0
8,1,0
8,1,0
8,1,0
8,1,0
8,1,0
8,1,0
7,1,0
9,1,0
9,1,0
9,1,0
9,1,0
7,1,0
8,1,0
8,1,0
8,1,0
7,1,0
8,1,0
7,1,0
7,1,1
7,1,0
7,1,0
6,1,0
7,1,0
8,1,0
8,1,0
9,1,0
10,1,0
8,1,2
8,1,0
8,1,0
12,1,0
10,1,0
9,1,0
8,1,0
8,1,0
9,1,0
8,1,0
10,1,0
8,1,0
8,1,0
8,1,0
8,1,0
7,1,0
9,1,0
8,1,0
8,1,1
10,1,0
10,1,0
11,1,0
9,1,0
9,1,0
9,1,0
8,1,0
8,1,0
8,1,0
8,1,0
8,1,0
9,1,0
10,1,0
10,1,1
10,1,2
12,1,3
10,1,0
10,1,0
11,1,0
9,1,0
9,1,0
10,1,0
9,1,0
9,1,0
8,1,0
7,1,0
8,1,0
8,1,0
7,1,0
7,1,0
9,1,2
9,1,2
6,1,0
8,1,0
10,1,0
11,1,0
9,1,0
9,1,2
9,1,0
10,1,0
8,1,0
7,1,0
10,1,0
8,1,0
9,1,0
8,1,0
8,1,0
8,1,1
10,1,1
8,1,1
7,1,0
8,1,0
8,1,2
10,1,0
10,1,0
11,1,0
10,1,0
8,1,0
9,1,0
7,1,0
8,1,0
8,1,1
12,1,3
8,1,0
10,1,0
7,1,0
9,1,0
8,1,0
7,1,0
8,1,0
6,1,0
9,1,0
9,1,0
7,1,0
7,1,0
8,1,0
8,1,0
7,1,0
7,1,0
7,1,1
9,1,0
10,1,0
10,1,0
8,1,0
9,1,0
8,1,0
9,1,0
8,2,0
10,1,2
9,1,2
10,1,2
10,2,0
10,1,7
14,1,5
11,2,0
10,1,3
13,2,0
15,2,0
11,1,5
14,1,7
14,1,8
15,0,15
14,1,7
14,0,14
11,1,5
12,1,9
17,2,3
15,2,0
14,1,7
18,1,10
13,0,13
14,1,7
13,1,5
12,1,4
11,1,3
14,1,5
13,0,13
8,0,8
11,0,11
10,1,6
8,1,0
7,1,1
13,1,6
12,1,4
11,1,2
13,0,13
11,1,6
12,1,6
16,1,8
6,1,0
10,1,5
11,1,5
15,2,0
13,2,0
10,2,0
10,1,3
11,1,2
11,1,4
7,1,1
11,2,0
7,2,0
12,1,5
13,2,0
11,2,1
9,2,0
8,2,0
11,2,0
11,2,1
11,2,3
13,2,0
9,2,0
9,2,0
10,2,0
10,2,0
12,2,0
11,1,6
12,1,7
12,2,0
13,2,0
13,1,7
12,2,0
13,2,0
13,2,0
12,2,0
12,2,0
11,2,0
12,2,0
13,2,2
12,2,1
10,1,7
11,1,6
13,1,8
13,0,13
14,1,10
13,1,8
16,1,10
12,2,2
12,2,4
14,2,3
13,1,8
12,1,8
11,1,6
9,1,6
12,1,8
13,2,1
14,2,0
17,2,0
16,2,0
16,2,0
16,2,0
16,2,0
17,2,0
14,1,8
13,1,7
12,1,8
11,1,6
10,1,5
8,1,5
10,1,6
11,1,7
10,1,7
10,1,7
13,1,8
13,1,9
15,1,10
14,1,9
13,1,8
14,1,9
13,2,1
13,2,1
13,1,8
9,1,6
9,1,6
12,1,8
16,2,1
10,1,7
12,1,7
13,1,7
12,1,8
11,1,6
11,1,6
11,1,7
13,2,0
11,1,7
11,1,7
14,2,0
13,1,8
14,1,9
14,1,9
15,1,8
12,1,7
14,1,7
12,1,6
10,1,5
9,1,5
11,1,5
13,2,0
13,2,0
13,2,0
10,2,0
14,2,0
15,2,1
12,1,8
11,2,0
11,1,7
13,2,0
13,2,0
13,1,7
16,2,0
14,3,0
16,2,0
17,2,0
17,2,0
17,2,0
13,3,0
15,3,0
15,2,0
16,2,1
17,2,0
15,2,2
11,1,7
16,1,8
15,1,10
12,1,6
12,1,7
11,1,6
13,1,8
13,2,0
13,2,0
14,2,1
15,2,0
12,2,0
12,2,0
12,2,0
15,2,0
12,2,1
12,2,2
13,2,0
14,2,0
16,1,10
13,1,9
13,2,2
14,2,2
13,2,0
14,2,0
10,2,0
12,2,2
12,2,0
13,2,0
12,2,2
13,1,9
10,1,6
15,2,2
14,2,1
16,2,2
14,2,0
15,1,9
15,2,0
14,2,0
15,2,0
15,2,1
12,1,7
13,2,0
16,2,0
15,2,0
16,2,0
14,2,1
12,2,1
14,2,0
12,2,0
15,2,0
14,2,0
13,1,9
12,2,0
15,2,1
17,1,8
17,2,3
16,2,0
17,0,17
15,1,5
13,1,6
13,0,13
14,2,3
13,2,2
14,1,11
14,1,8
14,1,7
14,1,7
12,1,5
13,1,6
14,2,0
14,2,0
14,3,0
12,1,6
14,2,0
14,2,0
11,2,0
10,2,1
13,2,5
13,3,4
11,2,4
13,2,4
14,2,0
15,2,3
15,2,6
14,1,6
15,1,7
14,2,0
13,3,0
13,2,1
15,3,0
13,3,0
15,3,0
13,3,0
13,2,1
12,2,0
12,2,1
15,2,1
13,2,2
12,2,1
11,2,1
13,2,2
13,2,7
13,2,5
11,2,4
12,2,6
13,2,2
14,2,3
16,2,2
16,2,5
12,2,2
14,2,6
13,2,4
13,1,5
11,1,5
10,1,3
14,1,6
15,1,6
10,2,2
11,2,1
12,2,2
14,2,3
12,2,3
12,2,2
13,2,3
12,2,4
13,2,3
14,2,5
13,2,3
14,1,0
13,2,1
13,2,3
12,1,0
13,1,0
12,1,5
12,2,2
12,3,0
12,2,0
10,1,0
9,1,0
11,1,0
13,1,0
12,1,0
12,2,0
14,1,0
16,2,0
14,2,0
14,2,0
10,2,0
11,2,0
12,2,0
11,1,0
9,1,0
12,1,0
16,1,0
16,1,0
13,2,0
12,2,0
12,1,0
13,2,0
14,2,0
14,2,0
13,1,0
10,2,0
11,2,0
13,1,0
9,1,0
14,1,6
11,1,4
11,1,4
14,1,5
10,1,0
9,1,4
12,1,0
13,1,5
12,1,5
17,1,5
15,1,5
15,1,4
13,1,3
11,1,2
12,1,0
12,1,2
13,1,3
11,1,2
12,1,2
13,1,2
12,2,2
11,1,1
13,1,1
14,1,0
10,1,0
11,1,0
12,1,1
11,1,0
10,1,0
11,1,0
11,1,0
10,1,2
11,1,3
12,1,1
14,1,2
13,1,3
15,1,1
10,1,1
10,1,1
12,1,0
11,1,1
10,1,1
9,1,1
8,1,1
10,1,1
8,1,1
10,1,2
10,1,0
9,1,0
10,1,0
12,1,4
13,1,0
12,1,0
13,1,0
14,1,0
12,1,0
11,1,0
10,1,0
9,1,0
9,1,0
11,1,0
12,1,0
10,1,0
13,1,0
11,1,0
13,1,0
13,0,13
13,1,0
11,1,0
10,1,0
9,1,0
9,1,0
8,1,0
9,1,0
8,1,0
8,1,0
7,1,0
8,0,8
10,0,10
8,0,8
9,0,9
8,0,8
9,0,9
9,0,9
4,0,4
4,1,0
4,1,0
7,1,0
5,1,0
2,1,0
8,1,0
8,1,0
7,1,0
7,1,0
7,1,0
5,1,0
9,1,0
10,1,0
10,1,0
8,1,0
13,1,0
7,1,0
13,1,0
10,1,0
9,1,0
11,1,0
11,1,4
12,1,5
11,1,5
12,1,6
13,1,5
14,1,6
14,1,6
14,1,6
14,1,6
14,1,6
14,1,5
15,1,7
13,1,5
16,1,7
15,1,2
16,1,7
14,1,3
14,1,2
13,1,6
11,1,6
11,1,5
10,1,6
10,1,6
11,1,6
12,1,7
12,1,7
12,1,7
10,1,6
12,1,6
10,1,6
9,1,5
9,1,0
9,2,0
10,2,0
10,2,0
11,2,0
11,2,0
11,1,6
10,1,5
11,1,5
10,1,5
11,1,6
10,2,1
11,1,5
11,2,0
11,1,5
10,2,0
9,2,0
10,2,1
12,2,1
10,2,0
11,1,5
11,2,0
12,2,0
11,2,1
12,2,2
11,3,1
12,3,0
12,2,1
14,2,1
12,2,1
12,3,0
11,3,0
12,2,6
15,2,1
12,2,0
13,1,7
12,1,5
12,2,1
15,2,0
15,2,0
17,2,1
14,2,2
11,2,0
11,2,0
11,2,0
11,2,0
11,2,0
11,2,0
11,2,0
10,2,0
11,2,0
11,2,0
11,2,0
12,2,0
11,2,0
11,2,0
14,2,1
13,3,1
11,3,1
8,2,1
11,2,1
9,3,1
13,2,0
12,3,1
7,2,0
7,3,1
6,2,1
7,2,0
7,2,0
8,3,0
9,3,0
7,1,2
9,1,2
10,1,4
8,1,2
9,1,1
9,1,1
9,2,0
6,2,0
10,2,1
10,3,0
10,1,5
6,1,2
6,1,3
6,1,2
5,1,2
5,1,0
7,1,2
5,1,0
7,1,0
5,1,0
6,1,0
6,1,0
7,1,0
7,1,2
7,1,0
7,1,0
7,1,0
7,1,0
7,1,0
8,1,0
7,1,0
6,1,0
6,1,0
7,1,0
8,1,0
6,1,0
7,1,0
7,1,0
7,1,0
6,1,0
6,1,0
5,1,0
5,1,0
5,1,0
5,1,0
6,1,0
5,1,1
6,1,1
6,1,1
5,1,0
5,1,0
5,1,0
5,1,0
5,1,0
5,1,0
7,1,1
6,1,2
5,1,2
6,1,2
6,1,0
7,1,0
5,1,0
5,1,1
5,1,0
5,1,0
5,1,0
5,1,0
6,1,0
5,1,0
6,1,0
5,1,1
5,1,0
5,1,0
5,1,0
5,1,0
4,1,0
5,1,0
3,1,0
4,1,0
4,1,0
7,1,0
6,1,0
6,1,0
7,1,0
7,1,0
7,1,0
5,1,1
4,2,0
5,1,0
6,2,0
5,1,0
5,2,0
7,2,0
6,2,0
8,0,8
8,0,8
8,1,1
5,2,0
7,2,0
7,1,0
6,1,1
7,1,0
5,1,0
4,1,0
5,1,1
5,2,0
5,1,1
5,1,0
4,1,1
4,0,4
5,0,5
7,0,7
8,1,0
6,1,0
6,0,6
5,1,0
5,1,0
6,1,0
7,1,0
5,1,0
6,1,0
5,1,0
4,1,0
6,1,0
5,1,0
3,1,0
4,1,0
4,1,0
3,1,0
4,1,0
4,0,4
4,2,0
3,1,0
3,2,0
4,0,4
3,0,3
2,0,2
3,0,3
1,0,1
2,1,0
5,0,5
2,0,2
3,0,3
2,1,0
2,0,2
3,0,3
5,1,0
6,1,0
7,1,0
7,1,0
5,1,0
5,1,0
5,1,0
3,1,0
4,1,0
2,0,2
1,1,0
1,1,0
4,1,0
2,1,0
2,1,0
2,1,0
0,1,0
1,1,0
2,1,0
1,1,0
3,1,0
1,1,0
2,0,2
1,0,1
2,1,1
3,1,1
2,1,1
2,1,0
1,1,0
2,1,1
1,1,0
0,0,0
2,0,2
0,1,0
0,0,0
0,1,0
0,1,0
0,0,0
0,0,0
0,1,0
0,0,0
0,1,0
1,1,0
2,1,0
2,1,0
0,1,0
1,0,1
0,0,0
0,0,0
0,0,0
0,0,0
0,1,0
0,0,0
0,0,0
0,0,0
0,0,0
0,1,0
0,0,0
0,1,0
0,0,0
0,0,0
1,0,1
1,1,0
0,0,0
0,0,0
0,0,0
0,1,0
0,1,0
0,1,0
0,1,0
0,0,0
0,0,0
0,0,0
0,0,0
0,0,0
0,0,0
0,0,0
0,0,0
0,0,0
0,0,0
0,0,0
0,0,0
0,0,0
0,0,0
1,0,1
2,0,2
2,0,2
3,0,3
3,0,3
4,0,4
3,0,3
5,0,5
4,0,4
5,0,5
5,1,0
5,1,0
5,1,0
6,1,0
5,1,0
5,1,0
5,1,0
5,1,0
6,1,0
5,1,0
5,1,0
5,1,0
5,1,1
6,1,1
5,1,1
6,1,1
7,1,1
5,1,0
5,1,1
6,1,1
7,1,0
4,1,0
5,1,1
6,1,2
6,0,6
5,0,5
5,1,0
5,1,0
5,1,0
5,1,0
5,1,0
5,1,0
5,0,5
4,1,0
4,0,4
4,1,0
4,1,0
4,0,4
4,0,4
5,0,5
5,0,5
5,0,5
5,0,5
6,0,6
6,0,6
6,0,6
6,0,6
6,0,6
5,0,5
5,0,5
6,0,6
5,0,5
5,0,5
5,0,5
6,1,0
6,0,6
6,0,6
7,0,7
6,1,0
6,1,2
6,1,0
8,1,0
6,0,6
6,1,0
6,0,6
5,1,0
6,1,0
5,1,0
5,1,0
7,1,0
7,1,0
6,1,0
5,0,5
7,1,0
7,1,0
7,1,0
8,1,0
7,1,0
8,1,0
8,1,0
7,1,0
6,1,0
6,1,0
8,0,8
6,0,6
6,0,6
5,0,5
6,0,6
6,0,6
5,0,5
5,0,5
5,0,5
3,0,3
4,0,4
4,0,4
4,0,4
2,0,2
3,1,0
3,1,0
1,0,1
2,0,2
2,0,2
0,0,0
0,0,0
0,0,0
0,0,0
0,0,0
0,0,0
0,0,0
0,0,0
0,0,0
1,0,1
1,0,1
1,0,1
1,0,1
1,0,1
2,1,0
1,1,0
4,1,0
3,1,0
3,1,0
3,1,0
2,1,0
2,1,0
3,1,1
3,1,0
4,1,1
4,1,1
5,1,1
3,1,0
3,0,3
3,1,0
3,1,0
4,1,0
4,1,0
3,1,0
3,1,0
3,1,0
3,1,0
4,1,0
5,1,0
4,1,0
6,1,0
5,1,0
4,1,0
4,1,0
4,1,0
4,1,0
5,1,0
4,1,0
5,1,0
4,1,0
4,1,0
4,1,0
4,1,0
4,1,0
4,1,0
6,1,1
5,1,0
5,1,0
5,0,5
5,1,0
5,1,0
6,1,0
4,1,0
6,1,0
5,1,0
6,1,0
5,1,0
5,1,0
5,1,0
7,1,0
5,1,1
6,1,0
5,1,0
5,1,0
4,1,0
4,1,0
5,1,0
4,1,0
4,1,0
4,1,0
4,1,0
5,1,0
4,1,0
4,1,0
5,1,0
5,1,0
4,1,0
4,1,0
5,1,0
4,1,0
4,1,0
4,1,0
4,1,0
4,1,0
4,1,0
4,1,0
4,1,0
5,1,0
6,1,0
5,1,0
4,1,0
4,1,0
5,1,0
5,1,0
7,1,0
6,1,0
5,1,0
4,1,0
5,1,0
5,1,0
5,1,0
6,1,0
5,1,0
4,1,0
5,1,0
4,1,0
5,1,0
5,1,0
5,1,0
5,1,0
5,1,1
4,1,0
5,1,0
5,1,0
5,1,0
6,2,0
5,1,0
5,1,0
7,1,0
6,1,0
7,1,0
7,1,0
5,1,0
6,1,0
6,1,0
5,1,0
6,1,1
5,1,0
5,1,0
5,1,1
4,1,0
5,1,0
4,1,1
5,1,0
6,1,0
5,1,1
5,1,0
5,1,0
4,1,0
4,1,0
5,1,1
2,1,0
4,1,0
5,1,0
6,1,1
6,1,0
5,1,0
5,1,0
5,1,0
4,1,0
5,1,0
5,1,0
5,1,0
5,1,0
5,1,0
5,1,0
5,1,0
5,1,0
5,1,0
4,1,0
6,1,0
4,1,0
5,1,0
5,1,0
5,1,0
6,1,0
6,1,0
6,1,0
6,1,0
7,1,0
9,1,0
9,1,0
5,1,2
6,1,1
6,1,0
7,1,0
5,1,1
5,1,0
6,1,0
6,1,0
6,1,0
6,1,0
7,1,0
6,1,0
4,1,0
5,1,0
6,1,0
5,1,0
5,2,0
5,2,0
4,2,0
5,2,0
4,1,0
4,2,0
5,2,0
4,1,0
5,1,0
4,1,0
4,1,0
5,1,0
5,1,0
5,1,0
4,1,0
5,1,0
5,1,0
4,1,0
4,1,0
5,1,0
5,1,0
5,1,0
5,2,0
5,1,0
3,1,0
3,1,0
5,1,0
5,1,0
5,1,0
7,1,0
5,1,0
5,1,1
6,0,6
6,1,0
5,0,5
4,0,4
5,0,5
5,0,5
4,0,4
8,0,8
7,1,1
5,1,0
5,1,1
7,0,7
5,0,5
4,0,4
7,1,4
6,0,6
6,0,6
8,0,8
8,0,8
7,0,7
7,1,0
5,1,0
5,0,5
8,0,8
7,0,7
6,0,6
5,0,5
5,0,5
6,0,6
5,0,5
3,0,3
5,0,5
6,0,6
5,1,0
3,0,3
0,0,0
0,0,0
0,0,0
0,0,0
1,0,1
0,0,0
0,0,0
0,0,0
0,0,0
0,0,0
0,0,0
0,0,0
0,0,0
0,0,0
0,0,0
0,0,0
0,0,0
0,0,0
0,0,0
0,0,0
0,0,0
0,0,0
0,0,0
0,0,0
0,0,0
0,0,0
0,0,0
0,0,0
0,0,0
0,0,0
0,0,0
0,0,0
0,0,0
0,0,0
0,0,0
0,0,0
0,0,0
0,0,0
0,0,0
0,0,0
0,0,0
0,0,0
0,0,0
0,0,0
0,0,0
0,0,0
0,0,0
0,0,0
0,0,0
0,0,0
5,1,0
7,1,0
11,1,1
14,1,0
11,1,0
10,1,0
10,1,0
11,1,0
12,1,0
11,1,0
13,2,1
10,2,0
12,2,1
13,3,1
14,2,2
13,3,0
12,2,1
13,2,1
13,2,0
12,2,0
12,2,1
9,2,1
12,2,1
12,2,2
10,2,1
10,2,0
15,1,3
13,2,3
12,2,0
11,2,0
10,2,0
11,2,0
10,2,0
11,2,0
11,2,0
11,2,0
12,2,1
15,2,1
14,2,2
16,2,2
14,2,3
15,2,3
16,2,3
17,2,6
18,3,5
18,3,5
17,3,4
16,3,5
16,3,1
20,3,2
21,3,5
23,3,5
22,3,5
19,3,0
17,3,0
23,4,0
21,3,0
21,3,0
21,3,0
22,3,1
24,3,0
27,3,1
25,3,0
27,3,2
24,3,0
22,4,1
23,3,0
22,3,0
21,3,0
22,4,0
19,4,0
19,3,2
17,3,0
20,3,0
20,3,1
22,4,1
20,3,3
20,4,2
19,4,1
21,3,1
18,3,0
19,3,4
18,3,1
18,3,1
19,3,0
17,3,0
17,3,0
18,3,0
18,3,0
19,3,2
21,3,1
18,3,1
19,3,1
18,3,1
18,3,1
17,3,2
21,3,2
22,3,3
20,3,3
20,3,2
20,3,3
17,3,1
19,3,4
19,2,6
18,3,0
18,3,0
19,2,4
17,2,2
19,2,3
22,1,15
20,1,16
22,3,0
18,3,0
20,3,0
20,2,10
22,2,1
23,2,6
23,2,7
21,2,7
21,2,7
19,2,6
20,2,0
21,2,7
19,2,7
19,2,7
18,2,14
17,2,5
17,3,1
19,2,5
19,3,0
19,3,0
19,3,1
22,3,2
23,3,2
18,4,0
18,3,0
22,3,0
18,3,0
22,3,0
20,3,0
21,4,0
21,4,0
20,4,0
19,3,1
20,3,1
20,3,1
23,3,1
21,3,0
23,2,7
20,3,0
19,3,2
21,3,0
22,3,0
23,2,12
25,2,14
19,3,2
19,3,1
18,3,5
20,3,2
19,3,1
17,3,2
18,2,10
18,3,2
17,2,7
16,1,14
19,4,4
19,2,15
19,2,15
17,2,12
19,3,13
18,3,10
19,3,6
18,4,3
19,2,10
17,2,8
17,1,14
15,1,13
16,1,14
15,1,13
15,1,14
15,1,10
17,2,10
16,2,8
17,2,9
17,2,10
18,2,7
17,3,3
15,4,4
17,3,4
17,2,10
21,3,7
20,3,7
20,3,6
22,3,6
19,3,5
19,3,4
21,3,6
18,3,5
19,3,5
17,3,5
17,2,10
15,2,8
15,3,3
15,2,9
15,4,2
15,3,7
17,2,12
16,3,8
15,3,6
16,4,7
15,3,11
18,3,14
18,2,16
19,2,16
18,4,2
17,2,12
19,3,11
19,3,12
18,0,18
19,1,17
18,1,13
18,3,7
19,2,14
18,2,13
18,2,13
19,3,10
20,2,14
21,2,15
19,2,13
21,2,16
19,2,12
19,2,13
18,2,12
17,2,11
18,2,12
18,2,12
17,2,11
16,2,10
16,2,10
15,2,10
15,2,10
18,2,12
17,2,12
17,2,11
15,2,9
18,2,12
16,2,10
16,2,9
16,2,10
14,2,8
14,2,9
16,2,8
16,3,5
16,2,8
15,2,8
12,3,5
13,3,7
14,3,5
13,2,4
13,2,4
13,3,0
14,3,1
13,2,4
15,3,3
14,3,2
13,2,5
14,3,1
15,3,0
14,3,0
14,3,0
14,3,1
15,3,3
15,3,1
12,3,0
12,2,5
12,3,1
13,3,0
17,3,2
15,2,8
13,2,8
17,3,3
16,2,8
15,3,5
14,2,8
16,2,8
17,3,5
12,2,6
13,3,1
16,3,5
16,2,9
16,4,4
14,3,3
14,2,8
13,3,3
17,2,9
16,3,2
14,2,9
13,3,0
13,3,2
14,3,2
12,3,2
11,2,4
14,3,2
13,3,1
12,3,1
13,3,3
14,3,3
13,3,2
14,3,6
12,3,6
11,4,2
12,3,2
15,4,5
16,4,6
14,3,5
14,3,3
13,2,3
13,3,1
13,3,1
13,2,4
13,3,0
13,2,3
12,0,12
13,2,5
13,2,3
15,0,15
14,0,14
13,2,2
12,2,6
13,1,11
13,2,3
14,3,1
13,3,6
14,1,8
14,4,1
15,3,2
15,2,6
15,3,1
14,2,4
14,2,3
13,1,7
12,1,7
10,1,6
11,0,11
12,0,12
11,1,9
11,1,7
8,1,5
10,1,7
12,1,8
11,1,9
9,2,4
7,2,3
9,2,3
11,2,3
9,2,3
7,2,1
6,2,1
7,2,2
7,2,1
7,2,1
9,2,3
7,2,0
7,2,0
6,2,0
5,2,0
7,2,0
7,3,0
7,2,0
6,2,0
6,2,0
6,2,0
6,2,0
7,2,1
6,2,1
6,2,0
6,2,0
5,2,2
6,2,2
5,2,3
5,2,1
5,1,2
6,1,2
5,1,2
4,1,1
4,1,1
4,1,1
5,1,1
4,1,1
4,1,1
4,1,1
3,1,0
3,1,0
3,1,0
2,1,0
3,1,0
2,1,0
3,1,0
5,1,1
3,1,0
3,1,0
4,1,0
3,1,0
4,0,4
3,1,0
2,0,2
4,1,0
2,0,2
4,0,4
3,0,3
2,0,2
2,0,2
3,0,3
4,0,4
3,0,3
3,0,3
3,0,3
3,0,3
2,0,2
1,0,1
2,0,2
1,0,1
1,0,1
1,0,1
1,1,0
0,0,0
0,0,0
0,1,0
0,0,0
1,1,0
1,1,0
3,1,1
3,1,0
1,1,0
0,1,0
1,1,0
1,1,0
0,0,0
3,1,0
4,1,0
4,1,0
3,1,0
3,1,0
4,1,0
5,1,0
3,1,0
5,1,0
4,1,0
5,1,0
2,0,2
3,0,3
4,0,4
4,1,0
4,1,2
4,0,4
5,0,5
6,1,0
6,1,0
6,0,6
6,1,0
4,0,4
3,0,3
5,0,5
4,1,0
4,0,4
4,0,4
5,0,5
4,0,4
4,0,4
4,0,4
4,0,4
4,0,4
4,0,4
4,0,4
4,0,4
5,0,5
5,0,5
4,0,4
4,0,4
5,0,5
5,0,5
5,0,5
4,0,4
4,0,4
4,0,4
4,0,4
4,0,4
5,0,5
4,0,4
5,0,5
5,0,5
5,1,0
5,0,5
5,1,0
5,1,0
7,1,1
8,0,8
5,1,0
5,0,5
7,0,7
6,0,6
5,1,0
5,1,5
5,2,0
7,2,0
5,1,0
6,1,0
5,1,0
4,1,0
4,1,0
4,1,1
6,1,0
5,1,0
5,1,0
4,0,4
4,0,4
4,0,4
4,0,4
4,0,4
5,1,0
5,1,0
4,0,4
4,0,4
2,0,2
1,0,1
2,0,2
2,0,2
3,0,3
6,0,6
3,0,3
3,1,0
4,1,0
4,1,0
5,1,0
4,1,0
4,0,4
6,1,1
5,1,0
4,1,0
4,0,4
5,0,5
4,0,4
4,0,4
4,0,4
5,1,1
6,1,0
5,1,0
6,1,0
5,1,0
5,1,0
6,1,0
6,1,0
6,1,0
5,1,0
6,1,0
5,1,0
4,2,0
4,2,0
4,1,0
4,2,0
4,1,0
4,1,0
5,1,0
4,1,0
4,1,0
4,1,0
4,1,0
4,1,0
4,0,4
4,0,4
4,0,4
6,0,6
5,0,5
5,0,5
6,0,6
5,0,5
4,0,4
6,0,6
5,0,5
7,0,7
5,0,5
5,0,5
5,0,5
5,0,5
6,0,6
5,0,5
5,0,5
5,0,5
4,0,4
5,0,5
4,0,4
4,0,4
4,0,4
4,0,4
5,0,5
5,0,5
5,0,5
4,0,4
4,0,4
4,0,4
4,0,4
4,0,4
4,0,4
5,0,5
4,0,4
4,0,4
5,0,5
5,0,5
4,0,4
5,0,5
8,0,8
8,0,8
6,0,6
5,0,5
5,0,5
4,0,4
4,0,4
4,0,4
4,0,4
5,0,5
6,0,6
6,0,6
5,0,5
4,0,4
5,0,5
5,0,5
5,0,5
4,0,4
4,0,4
5,0,5
5,0,5
5,0,5
4,0,4
7,0,7
5,0,5
4,0,4
4,1,4
5,0,5
5,0,5
4,0,4
4,0,4
5,0,5
6,0,6
5,0,5
6,0,6
6,0,6
6,0,6
5,0,5
5,0,5
4,0,4
4,0,4
5,0,5
5,0,5
4,0,4
4,0,4
6,0,6
4,0,4
4,1,4
4,1,4
6,1,5
5,1,4
6,1,4
6,1,4
6,1,4
7,0,7
8,1,5
9,1,4
10,1,4
9,1,5
9,1,5
9,1,5
10,1,6
11,1,7
10,1,6
13,1,7
10,1,6
9,1,5
10,1,4
11,1,5
7,1,3
11,2,5
8,1,3
6,1,2
5,1,2
6,1,2
7,0,7
6,2,3
8,1,4
6,1,2
5,1,2
7,1,2
5,1,0
2,1,0
1,1,0
1,1,0
2,1,0
2,1,0
3,1,1
3,1,0
3,1,0
3,1,0
3,0,3
6,1,3
1,1,1
3,1,1
1,0,1
5,1,2
5,2,1
5,3,1
4,3,0
4,0,4
6,0,6
6,3,0
5,4,0
6,1,2
5,0,5
2,0,2
6,0,6
2,1,0
3,1,1
2,1,0
2,1,0
4,1,1
3,1,0
2,1,0
2,1,0
2,0,2
2,1,1
3,1,0
3,1,0
3,1,1
4,1,1
4,0,4
3,0,3
3,0,3
3,1,1
2,0,2
0,0,0
2,0,2
1,1,0
2,0,2
0,0,0
2,1,0
1,0,1
0,0,0
2,0,2
0,0,0
0,0,0
2,1,0
0,0,0
0,0,0
1,1,0
1,0,1
2,0,2
2,1,0
2,0,2
2,1,0
2,0,2
2,0,2
2,0,2
1,0,1
2,0,2
2,0,2
3,0,3
1,0,1
1,0,1
1,0,1
1,0,1
1,0,1
1,0,1
0,0,0
2,0,2
3,0,3
1,0,1
0,0,0
2,0,2
1,1,0
1,0,1
3,1,0
0,0,0
2,0,2
1,0,1
1,0,1
1,0,1
1,0,1
2,0,2
0,0,0
0,0,0
1,0,1
1,0,1
1,0,1
1,0,1
0,0,0
0,0,0
0,0,0
0,0,0
0,0,0
0,0,0
0,0,0
0,0,0
0,0,0
0,0,0
0,0,0
0,0,0
0,0,0
0,0,0
0,0,0
1,0,1
1,0,1
1,0,1
0,0,0
2,0,2
2,1,2
2,0,2
2,0,2
2,0,2
1,0,1
2,0,2
2,0,2
3,0,3
1,0,1
3,2,0
3,0,3
2,0,2
4,0,4
1,0,1
0,0,0
3,0,3
1,0,1
1,0,1
1,0,1
0,0,0
0,0,0
0,0,0
0,0,0
1,0,1
1,0,1
1,0,1
2,0,2
1,0,1
2,0,2
2,0,2
2,0,2
1,0,1
2,0,2
2,0,2
1,0,1
3,0,3
3,0,3
4,0,4
1,0,1
2,0,2
2,0,2
0,0,0
0,0,0
0,1,0
1,0,1
0,1,0
0,0,0
1,0,1
0,0,0
0,0,0
1,0,1
1,0,1
1,0,1
0,0,0
1,0,1
4,0,4
4,0,4
3,0,3
3,0,3
4,0,4
1,0,1
1,0,1
0,0,0
3,0,3
1,0,1
2,0,2
1,1,0
2,1,0
2,1,0
3,1,0
2,1,0
1,1,0
1,1,0
2,1,0
2,1,0
1,0,1
1,0,1
1,1,0
2,0,2
1,0,1
1,0,1
2,1,0
3,1,1
1,1,0
2,2,1
1,1,0
1,0,1
1,1,1
0,1,0
0,0,0
0,1,0
0,1,0
0,1,0
1,0,1
0,1,0
1,1,0
0,0,0
0,0,0
0,0,0
0,1,0
0,0,0
0,0,0
1,0,1
0,0,0
0,0,0
0,0,0
0,1,0
0,1,0
0,0,0
0,0,0
0,0,0
2,1,0
2,1,0
2,0,2
0,0,0
3,0,3
4,0,4
2,0,2
1,0,1
0,0,0
4,0,4
2,1,1
3,0,3
1,0,1
1,0,1
1,0,1
2,0,2
2,1,2
0,0,0
1,0,1
1,0,1
2,1,0
2,1,0
2,0,2
1,0,1
1,0,1
2,0,2
4,0,4
4,0,4
2,0,2
2,1,0
5,2,0
4,1,2
4,1,2
2,1,0
7,1,3
6,1,3
2,2,0
5,3,0
0,0,0
0,1,0
4,2,2
3,1,2
1,1,0
1,1,0
4,2,2
4,1,3
4,1,2
5,1,3
5,1,2
4,1,2
7,1,2
7,1,2
8,1,2
6,1,2
6,1,2
9,1,3
8,1,3
6,1,3
5,1,3
7,1,3
6,1,3
6,1,3
7,1,3
7,1,3
8,2,4
8,1,4
7,2,4
5,1,3
6,1,4
4,1,2
5,1,3
5,1,2
3,2,0
4,2,0
6,1,3
7,1,4
6,1,3
7,1,4
5,1,3
3,1,1
4,1,2
4,1,2
3,1,1
5,1,3
5,1,3
5,1,3
1,1,0
2,1,0
2,1,0
2,1,0
2,1,0
2,1,0
2,1,0
2,1,0
3,1,0
3,1,0
1,1,0
1,1,0
1,1,0
1,1,0
2,1,0
3,1,0
2,1,0
2,1,0
2,1,0
3,1,0
3,1,0
2,1,0
3,1,0
3,1,0
4,1,0
4,1,0
4,2,0
4,1,0
5,2,0
4,1,1
7,2,0
6,2,1
6,2,0
7,2,0
8,1,4
8,1,4
6,2,0
9,3,0
8,2,1
8,3,2
8,2,1
7,2,1
6,2,0
7,3,0
8,2,0
7,2,0
8,3,2
7,2,1
6,2,0
8,2,0
4,2,0
6,3,0
7,2,0
4,2,1
6,3,0
6,2,0
6,2,0
8,3,1
7,2,2
5,3,1
4,1,1
4,2,0
5,1,2
6,1,2
5,1,2
5,1,2
5,1,2
4,1,3
1,0,1
4,0,4
5,0,5
4,1,1
3,0,3
4,1,0
6,1,2
3,1,0
3,0,3
6,0,6
4,1,0
3,1,0
4,1,0
4,1,0
4,1,0
4,1,0
4,1,0
4,0,4
4,1,0
3,1,0
3,1,0
4,1,0
3,1,0
4,1,0
5,1,0
6,1,0
6,2,0
5,1,0
4,1,0
4,0,4
4,2,0
4,1,0
4,0,4
4,0,4
4,1,0
4,0,4
4,2,0
4,0,4
4,0,4
4,1,0
4,0,4
4,1,0
3,1,0
3,0,3
3,1,0
3,1,0
3,1,0
3,1,0
4,1,0
4,1,0
4,0,4
4,0,4
5,0,5
5,0,5
5,1,5
4,0,4
4,0,4
4,0,4
3,0,3
3,0,3
3,0,3
4,0,4
0,0,0
4,0,4
4,0,4
3,0,3
5,1,5
5,0,5
4,1,4
2,1,0
2,1,0
2,0,2
5,1,0
4,1,0
3,1,0
4,1,0
3,1,0
3,1,0
4,0,4
2,1,0
3,1,0
4,0,4
3,1,1
3,0,3
4,1,0
4,0,4
3,0,3
4,1,0
4,0,4
4,0,4
6,0,6
4,0,4
5,1,1
5,1,1
3,0,3
4,0,4
3,1,0
5,1,1
4,1,1
6,1,2
0,1,0
3,1,0
2,0,2
0,0,0
1,0,1
2,0,2
3,0,3
2,0,2
2,0,2
2,0,2
2,1,0
3,1,0
3,0,3
3,1,0
2,2,0
3,1,0
1,1,1
5,0,5
6,0,6
8,2,2
4,0,4
9,2,3
4,3,0
4,1,4
4,1,1
4,1,2
5,3,0
6,2,1
3,2,1
9,2,1
6,2,1
10,2,2
7,2,3
10,1,4
7,2,4
7,2,3
9,2,6
7,2,2
11,1,8
9,1,5
6,2,4
10,1,7
7,2,0
10,1,6
9,2,2
8,2,1
8,3,2
12,5,3
8,2,1
6,3,0
8,3,1
6,2,3
6,0,6
4,2,1
4,1,1
5,1,2
6,1,0
9,2,2
5,1,1
5,1,2
4,1,1
6,2,0
7,1,1
7,2,2
5,1,1
7,1,3
10,2,5
9,1,5
10,2,2
6,2,2
11,2,5
10,3,3
9,3,1
8,1,5
10,2,3
10,2,4
11,2,5
10,2,4
7,2,3
6,2,2
8,2,4
10,2,3
11,2,5
11,0,11
8,3,0
5,2,0
6,3,0
6,1,3
5,1,1
5,1,1
7,2,1
3,1,0
4,2,0
1,2,0
2,1,0
2,0,2
0,0,0
3,1,0
0,0,0
0,0,0
2,1,0
0,0,0
0,0,0
1,0,1
1,1,0
0,0,0
2,0,2
1,0,1
0,0,0
1,1,0
1,0,1
0,0,0
1,1,0
0,0,0
0,0,0
2,1,1
3,0,3
3,0,3
2,0,2
4,0,4
6,1,2
6,0,6
0,0,0
5,0,5
5,0,5
4,0,4
4,1,2
4,0,4
4,1,2
4,1,2
4,1,2
4,1,2
3,1,2
5,1,2
4,1,1
3,0,3
5,1,2
4,1,2
4,1,2
3,1,1
1,0,1
1,0,1
1,0,1
2,0,2
5,1,1
6,1,2
4,1,1
4,1,1
6,1,4
6,1,4
5,1,3
5,1,4
4,1,1
4,1,2
4,1,2
4,0,4
6,1,2
5,0,5
5,0,5
4,0,4
3,0,3
4,0,4
3,0,3
1,0,1
1,0,1
0,0,0
0,0,0
2,0,2
1,0,1
4,1,3
2,1,1
4,1,2
4,1,2
6,1,4
4,1,2
6,1,3
4,2,0
8,2,1
7,2,0
4,0,4
5,2,3
6,1,4
4,1,3
4,1,3
5,1,4
4,1,2
6,1,4
4,1,2
5,1,2
4,1,1
4,1,2
5,1,2
4,1,1
5,1,3
6,1,4
5,1,3
5,1,3
5,1,3
5,1,4
4,1,3
5,1,3
4,1,3
4,1,3
4,1,3
4,0,4
4,0,4
5,0,5
4,0,4
3,0,3
4,2,0
6,1,3
5,1,4
7,0,7
7,1,5
8,0,8
4,0,4
7,0,7
6,1,4
6,2,0
5,2,0
5,2,0
5,2,1
6,2,2
9,2,3
4,2,0
4,2,2
4,2,0
3,2,1
4,2,1
4,0,4
4,1,4
6,0,6
4,0,4
6,0,6
9,0,9
9,1,7
6,0,6
6,0,6
6,2,1
5,1,1
5,1,1
5,0,5
3,2,0
5,1,3
4,2,0
3,2,0
4,2,0
3,2,0
5,0,5
5,0,5
7,0,7
5,1,2
3,1,2
3,1,0
5,2,1
6,2,1
6,2,1
6,2,1
6,2,1
5,2,1
6,2,1
4,2,0
6,2,1
7,2,0
9,2,5
8,1,7
5,2,4
7,1,6
5,1,4
6,1,5
8,1,7
9,2,5
8,2,2
7,2,3
7,2,2
6,2,2
6,2,2
6,0,6
5,0,5
5,2,1
6,1,2
5,1,1
5,1,5
5,0,5
7,1,2
8,2,2
8,1,3
8,2,2
9,2,2
8,2,4
8,2,1
8,1,3
8,2,2
7,2,2
7,2,1
8,2,1
6,2,0
7,3,1
6,2,0
7,2,1
6,2,0
6,2,0
7,2,1
6,2,1
6,2,1
6,2,1
7,2,1
6,2,1
6,2,1
6,2,1
6,2,1
5,2,0
5,2,0
5,2,0
5,2,0
5,2,0
5,2,0
6,2,0
7,2,0
7,2,0
6,2,0
6,2,0
6,2,0
6,1,2
6,1,2
6,1,2
6,1,2
6,0,6
5,1,1
5,1,1
5,1,1
6,1,2
5,1,1
6,1,2
6,1,2
7,1,3
9,1,4
7,1,2
7,1,2
7,2,2
8,1,3
7,2,1
7,2,0
8,2,1
9,3,2
7,2,1
9,1,5
10,2,3
7,2,3
9,2,2
10,1,9
10,1,9
11,2,2
8,1,7
9,1,8
7,0,7
9,0,9
10,1,4
10,2,1
8,1,2
11,1,4
7,2,0
7,2,0
11,1,3
11,2,1
11,2,2
9,1,4
9,2,1
8,1,3
8,1,3
8,1,3
7,2,0
11,2,2
9,2,1
9,2,2
9,2,1
9,2,0
9,1,3
7,1,2
8,0,8
7,1,3
7,1,5
7,1,3
8,1,6
8,2,2
7,2,1
7,1,2
8,1,3
6,1,1
8,1,6
7,1,1
7,2,1
6,1,5
7,2,2
6,1,2
6,1,5
7,2,1
9,2,3
9,2,2
7,2,1
7,2,2
9,2,3
8,2,1
9,2,2
7,1,6
8,2,1
7,1,6
7,1,6
7,1,5
7,1,5
7,0,7
6,1,5
6,0,6
7,0,7
6,0,6
6,1,5
5,0,5
7,1,5
7,1,5
6,1,5
5,0,5
6,2,0
6,1,2
6,2,0
7,1,3
6,2,0
6,1,4
5,0,5
6,1,5
7,1,6
7,0,7
6,1,0
4,0,4
6,1,0
7,1,3
6,1,0
7,1,1
5,0,5
4,1,0
6,1,1
5,0,5
5,0,5
6,0,6
6,0,6
5,1,5
7,0,7
5,1,0
5,1,1
4,1,0
5,0,5
4,0,4
5,0,5
5,0,5
5,1,2
5,1,2
6,0,6
6,2,1
6,2,1
7,2,2
7,0,7
6,0,6
10,0,10
9,0,9
8,0,8
8,0,8
9,0,9
8,0,8
6,1,1
4,0,4
7,0,7
8,1,5
8,1,7
9,2,0
9,1,5
10,2,1
8,2,0
8,2,0
7,2,0
6,2,1
7,2,2
6,2,0
7,2,0
6,2,0
7,2,0
6,2,0
7,2,0
7,2,0
7,2,0
7,1,5
9,1,8
9,2,0
8,1,3
9,2,1
10,2,2
9,1,3
7,1,2
5,1,1
10,1,8
8,2,0
6,1,2
6,2,2
6,1,1
6,1,1
5,1,1
7,1,3
5,1,1
8,1,3
5,1,0
4,1,0
4,1,0
4,1,0
4,1,0
4,1,0
8,1,3
5,1,0
5,1,0
4,1,0
5,1,1
5,2,0
7,2,1
7,2,0
4,2,0
4,2,0
4,2,0
4,1,0
5,1,0
5,1,0
4,1,0
4,1,0
4,1,0
4,1,0
4,1,0
4,1,0
7,1,2
4,1,0
5,1,1
6,1,0
6,1,0
6,2,1
6,2,1
8,1,2
7,0,7
7,0,7
6,1,5
7,1,1
6,1,2
7,0,7
8,2,1
7,1,3
8,2,2
7,2,4
7,1,5
7,1,7
7,0,7
6,1,5
7,2,0
5,3,0
9,2,1
5,1,4
7,1,5
7,1,6
7,1,7
5,2,2
7,1,7
5,2,2
5,2,1
5,2,2
4,2,0
6,2,2
4,2,1
3,2,0
4,2,0
6,1,0
5,1,0
4,1,0
4,2,1
4,1,0
4,2,0
3,1,0
4,2,0
4,0,4
5,2,2
3,1,0
2,1,0
2,1,0
4,0,4
1,0,1
1,1,1
1,1,1
2,1,2
1,0,1
2,0,2
1,0,1
0,1,0
0,1,0
0,0,0
0,0,0
0,1,0
0,1,0
0,1,0
0,1,0
0,1,0
0,1,0
0,0,0
0,1,0
0,0,0
0,0,0
0,1,0
0,0,0
0,0,0
0,0,0
0,0,0
0,0,0
0,0,0
0,0,0
0,0,0
0,0,0
0,0,0
0,0,0
0,0,0
0,0,0
0,0,0
0,0,0
0,0,0
0,0,0
0,0,0
0,0,0
0,0,0
0,0,0
0,0,0
0,0,0
0,0,0
0,0,0
0,0,0
0,0,0
0,0,0
0,0,0
0,0,0
0,0,0
0,0,0
0,0,0
0,0,0
0,0,0
0,0,0
0,0,0
0,0,0
0,0,0
0,0,0
0,0,0
0,0,0
0,0,0
0,0,0
0,0,0
0,0,0
0,0,0
0,0,0
0,0,0
0,0,0
0,0,0
0,0,0
0,0,0
0,0,0
0,0,0
0,0,0
0,0,0
0,0,0
0,0,0
0,0,0
0,0,0
0,0,0
0,0,0
0,0,0
0,0,0
0,0,0
0,0,0
0,0,0
0,0,0
0,0,0
0,0,0
0,0,0
0,0,0
0,0,0
0,0,0
0,0,0
0,0,0
0,0,0
0,0,0
0,0,0
0,0,0
0,0,0
0,0,0
0,0,0
0,0,0
0,0,0
0,0,0
0,0,0
0,0,0
0,0,0
0,0,0
0,0,0
0,0,0
0,0,0
0,0,0
0,0,0
0,0,0
0,1,0
0,0,0
0,1,0
0,0,0
0,0,0
0,0,0
0,0,0
0,0,0
0,0,0
0,0,0
0,0,0
0,0,0
0,0,0
0,0,0
0,0,0
0,0,0
0,0,0
0,0,0
0,0,0
0,0,0
0,0,0
0,0,0
0,0,0
0,0,0
0,0,0
0,0,0
0,0,0
0,0,0
0,0,0
0,0,0
0,0,0
0,0,0
0,0,0
0,0,0
0,0,0
0,0,0
0,0,0
0,0,0
0,0,0
0,0,0
0,0,0
0,0,0
0,0,0
0,0,0
0,0,0
0,0,0
0,0,0
0,0,0
0,0,0
0,0,0
0,0,0
0,0,0
0,0,0
0,0,0
0,0,0
0,0,0
0,0,0
0,0,0
0,0,0
0,0,0
0,0,0
0,0,0
0,0,0
0,0,0
0,0,0
0,0,0
0,0,0
0,0,0
0,0,0
0,0,0
0,0,0
0,0,0
0,0,0
0,0,0
0,0,0
0,0,0
0,0,0
0,0,0
0,0,0
0,0,0
0,0,0
0,0,0
0,0,0
0,0,0
0,0,0
0,0,0
0,0,0
0,0,0
0,0,0
0,1,0
0,1,0
0,1,0
0,1,0
0,0,0
0,0,0
0,0,0
1,0,1
0,0,0
0,0,0
0,0,0
0,1,0
0,1,0
0,1,0
0,1,0
3,1,0
4,1,0
2,1,0
2,1,0
2,1,0
1,1,0
3,1,0
1,0,1
2,0,2
2,1,0
1,0,1
2,1,1
3,2,0
3,2,0
2,1,0
2,1,1
5,1,2
5,1,2
5,2,0
6,2,0
5,2,0
5,3,0
4,2,0
5,3,0
6,2,0
6,2,0
6,2,0
6,2,0
7,2,0
5,1,2
5,2,0
5,1,3
5,2,0
5,2,0
5,2,0
6,2,0
6,2,0
6,2,0
7,2,0
7,2,0
7,3,0
9,2,0
9,2,0
7,2,0
7,2,0
7,2,0
7,2,0
7,2,0
8,2,0
8,2,0
8,2,0
7,2,0
7,2,0
7,3,0
6,2,0
7,2,0
8,4,0
8,3,0
10,3,0
9,3,0
8,2,0
8,2,0
7,2,0
7,2,0
8,2,0
8,2,1
9,2,1
9,2,0
9,2,1
9,3,1
8,3,1
10,3,1
11,3,1
10,3,1
10,2,0
10,2,0
9,3,0
7,3,0
7,3,1
7,3,0
8,3,0
6,3,0
7,2,0
7,3,0
8,3,0
7,3,0
3,2,0
4,2,0
5,1,2
6,3,0
6,3,0
6,3,0
6,2,0
4,2,0
5,2,0
5,2,0
5,2,1
3,2,0
4,2,0
5,2,0
4,2,0
5,2,0
3,1,0
3,1,0
3,1,0
3,1,0
3,1,0
3,1,0
5,1,1
4,2,0
6,2,0
3,1,0
5,1,1
5,1,1
4,1,0
4,1,0
5,2,0
3,1,0
3,1,0
3,1,0
3,1,0
3,1,0
3,1,0
4,1,0
6,1,2
4,1,0
4,1,0
4,1,0
4,1,0
4,1,0
4,1,0
4,1,0
4,1,0
4,1,0
4,1,0
3,1,0
4,1,0
4,1,0
4,1,0
4,1,0
4,1,0
4,1,0
4,1,0
5,1,0
4,1,0
3,1,0
3,1,0
3,1,0
3,1,0
3,1,0
3,1,0
3,1,0
3,1,0
3,1,0
3,1,0
3,0,3
3,1,0
3,1,0
3,1,0
4,1,0
4,1,0
4,1,0
3,1,0
3,1,0
3,1,0
3,1,0
3,1,0
3,1,0
3,1,0
3,1,0
3,2,0
4,1,0
4,1,0
3,0,3
3,1,3
4,1,0
4,2,0
5,2,0
5,1,0
6,2,0
5,1,0
4,2,0
4,1,0
4,1,0
5,1,1
6,2,0
5,2,0
4,2,0
5,2,0
8,2,0
4,1,0
4,1,0
5,1,4
9,1,6
8,1,6
9,1,7
7,1,5
8,2,0
8,2,0
7,2,0
9,2,0
7,2,0
8,3,0
8,2,0
11,1,5
7,2,0
8,3,1
10,2,5
8,2,4
7,3,0
8,3,4
8,2,0
9,3,1
8,2,0
9,2,1
10,1,6
9,2,5
9,1,5
9,1,5
9,2,5
8,1,4
9,2,5
9,2,5
10,1,6
9,1,5
10,2,6
10,3,6
9,2,0
9,1,5
8,3,4
8,2,4
8,2,4
9,2,5
10,1,6
9,3,1
10,3,1
8,2,0
8,3,0
8,3,0
8,3,1
9,3,1
8,2,0
8,2,4
8,3,0
8,3,0
8,2,0
8,2,1
8,2,0
8,2,0
8,2,0
8,2,0
8,2,0
9,2,0
8,2,0
8,2,0
8,2,0
8,2,0
7,2,0
8,2,3
9,2,3
8,2,3
9,1,4
8,2,4
9,0,9
9,1,4
9,1,4
9,2,0
10,1,5
9,1,4
8,0,8
9,1,5
9,0,9
9,1,5
9,0,9
9,0,9
7,0,7
7,0,7
7,0,7
9,1,5
9,2,4
9,2,4
7,1,4
8,1,5
7,1,4
7,1,4
7,1,4
7,1,4
7,1,4
9,1,5
9,1,5
9,1,5
9,1,5
8,1,5
8,1,5
7,1,4
7,2,1
8,2,1
10,1,5
9,1,4
9,1,4
8,2,0
7,2,0
7,2,0
7,2,0
8,2,0
8,2,0
8,1,4
7,1,4
10,1,5
10,1,5
10,1,5
9,1,5
8,1,5
7,2,1
7,2,1
8,2,1
8,2,1
8,2,0
9,2,0
7,1,4
7,1,4
7,2,0
7,1,4
8,2,1
7,2,0
9,2,0
6,1,4
6,2,0
6,2,0
6,2,0
5,2,0
7,2,0
7,2,0
6,2,0
6,2,0
8,2,0
8,2,0
7,2,0
7,2,0
6,2,0
7,2,0
7,2,0
8,2,0
9,2,0
9,2,0
6,2,0
8,2,0
8,2,0
5,2,0
8,2,0
8,2,0
8,2,0
8,2,0
7,2,0
7,2,0
7,2,0
7,2,0
8,2,0
7,2,0
5,2,0
7,2,0
8,2,0
7,2,0
7,2,0
7,2,0
7,2,0
5,3,0
6,2,0
6,1,4
7,1,6
7,3,2
6,3,0
9,3,0
9,2,5
9,2,0
8,2,0
9,2,0
7,2,4
7,3,0
5,2,0
5,2,0
4,1,4
6,2,0
6,2,0
7,3,0
4,2,0
6,2,0
6,2,0
5,2,0
5,1,1
5,2,0
5,1,1
4,1,0
4,1,0
4,0,4
5,1,1
5,1,1
5,1,1
4,1,0
5,1,1
5,0,5
4,1,0
4,1,0
4,1,0
4,1,0
4,1,0
4,0,4
4,1,0
4,1,0
5,0,5
4,1,1
4,1,0
4,1,0
4,1,0
4,1,0
4,0,4
4,0,4
4,0,4
4,1,0
4,0,4
4,0,4
7,0,7
5,1,1
4,1,0
4,0,4
5,1,1
4,0,4
4,0,4
5,1,0
4,1,0
4,0,4
5,1,1
4,1,0
4,1,0
4,1,0
4,1,0
4,1,0
4,1,0
5,1,1
4,1,0
4,1,0
4,1,0
4,1,0
4,1,0
4,1,0
4,1,0
4,1,0
4,1,0
4,1,0
4,1,0
4,1,0
5,1,0
4,1,0
4,1,1
4,1,1
5,1,3
5,1,2
5,0,5
4,1,0
4,1,0
4,1,0
4,1,0
5,0,5
5,0,5
4,0,4
4,0,4
3,0,3
3,0,3
3,0,3
3,0,3
4,0,4
4,0,4
4,0,4
4,0,4
4,0,4
3,0,3
3,0,3
3,0,3
3,0,3
3,0,3
3,0,3
3,0,3
3,0,3
1,0,1
1,0,1
1,1,0
2,0,2
2,0,2
2,0,2
0,0,0
0,0,0
0,0,0
0,0,0
0,0,0
0,0,0
0,0,0
0,0,0
0,0,0
0,0,0
0,0,0
0,0,0
0,0,0
0,0,0
0,0,0
0,0,0
0,0,0
0,0,0
0,0,0
0,0,0
0,0,0
0,0,0
0,0,0
0,0,0
0,0,0
0,0,0
0,0,0
0,0,0
0,0,0
0,0,0
0,0,0
0,0,0
0,0,0
0,0,0
0,0,0
0,0,0
0,0,0
0,0,0
0,0,0
0,0,0
0,0,0
0,0,0
0,0,0
0,0,0
0,0,0
0,0,0
0,0,0
0,0,0
0,0,0
0,0,0
0,0,0
0,0,0
0,0,0
0,0,0
0,0,0
0,0,0
0,0,0
0,0,0
0,0,0
0,0,0
0,0,0
0,0,0
0,0,0
0,0,0
0,0,0
0,0,0
0,0,0
0,0,0
0,0,0
0,0,0
0,0,0
0,0,0
0,0,0
0,0,0
0,0,0
0,0,0
0,0,0
0,0,0
0,0,0
0,0,0
0,0,0
0,0,0
0,0,0
0,0,0
0,0,0
0,0,0
0,0,0
0,0,0
0,0,0
0,0,0
0,0,0
0,0,0
0,0,0
0,0,0
0,0,0
0,0,0
0,0,0
0,0,0
0,0,0
0,0,0
0,0,0
0,0,0
0,0,0
0,0,0
0,0,0
0,0,0
0,0,0
0,0,0
0,0,0
0,0,0
0,0,0
0,0,0
0,0,0
0,0,0
0,0,0
0,0,0
0,0,0
0,0,0
0,0,0
0,0,0
0,0,0
0,0,0
0,0,0
0,0,0
0,0,0
0,0,0
0,0,0
0,0,0
0,0,0
0,0,0
0,0,0
0,0,0
0,0,0
0,0,0
0,0,0
0,0,0
0,0,0
0,0,0
0,0,0
0,0,0
0,0,0
0,0,0
0,0,0
0,0,0
0,0,0
0,0,0
0,0,0
0,0,0
0,0,0
0,0,0
0,0,0
0,0,0
0,0,0
0,0,0
0,0,0
0,0,0
0,0,0
0,0,0
0,0,0
0,0,0
0,0,0
0,0,0
0,0,0
0,0,0
1,0,1
0,0,0
0,0,0
0,0,0
0,0,0
0,0,0
0,0,0
0,0,0
0,0,0
0,0,0
0,0,0
0,0,0
0,0,0
0,0,0
0,0,0
0,0,0
2,0,2
3,0,3
2,0,2
5,0,5
4,0,4
4,0,4
4,0,4
4,0,4
5,0,5
4,0,4
5,0,5
2,0,2
2,0,2
4,0,4
4,0,4
3,0,3
4,0,4
2,0,2
4,0,4
6,0,6
3,0,3
4,0,4
4,0,4
3,0,3
4,0,4
4,0,4
5,0,5
5,0,5
4,0,4
4,0,4
3,0,3
4,0,4
5,0,5
6,0,6
6,0,6
6,0,6
6,0,6
7,0,7
5,0,5
4,0,4
3,0,3
4,0,4
6,0,6
6,0,6
4,0,4
3,0,3
3,0,3
3,0,3
3,0,3
3,0,3
3,0,3
3,0,3
3,0,3
3,0,3
3,0,3
5,0,5
5,1,5
4,0,4
5,0,5
4,0,4
4,0,4
3,0,3
3,0,3
5,0,5
3,0,3
3,0,3
3,1,0
3,1,0
1,1,0
1,1,0
0,1,0
0,0,0
1,0,1
1,0,1
1,0,1
1,0,1
1,0,1
1,1,0
1,0,1
1,1,0
1,1,0
1,1,0
0,1,0
1,1,0
1,1,0
0,1,0
0,0,0
0,1,0
0,1,0
0,1,0
0,1,0
0,1,0
0,1,0
0,1,0
2,1,0
2,1,0
1,1,0
1,1,0
1,1,0
3,1,0
3,1,0
3,1,0
3,1,0
3,1,0
3,1,0
3,1,0
3,1,0
3,1,0
3,1,0
2,1,0
3,1,0
4,1,0
5,1,0
5,1,0
3,1,0
1,1,0
1,1,0
3,1,0
4,1,0
5,1,0
3,1,0
3,1,0
6,1,0
6,0,6
5,0,5
5,0,5
5,0,5
5,0,5
4,1,0
3,1,0
3,1,0
4,1,0
3,1,0
3,1,0
3,1,0
4,1,0
4,1,0
3,1,0
0,0,0
3,0,3
2,1,2
1,0,1
0,0,0
1,0,1
0,0,0
1,0,1
3,0,3
1,0,1
1,0,1
2,1,0
2,1,0
2,1,0
2,0,2
3,0,3
2,1,0
2,1,0
2,1,0
2,1,0
2,1,0
2,1,0
3,1,0
3,1,0
3,1,0
0,0,0
1,0,1
1,0,1
1,0,1
1,1,0
1,1,0
0,0,0
0,1,0
0,0,0
1,0,1
2,0,2
1,0,1
0,0,0
0,0,0
0,0,0
0,0,0
0,0,0
0,0,0
0,0,0
0,0,0
0,0,0
0,0,0
0,0,0
0,0,0
0,0,0
0,0,0
0,0,0
0,0,0
0,0,0
0,0,0
0,0,0
0,0,0
0,0,0
0,0,0
2,0,2
2,0,2
1,0,1
0,0,0
0,0,0
0,0,0
1,0,1
2,0,2
0,0,0
2,0,2
1,0,1
2,0,2
3,0,3
3,0,3
3,0,3
2,0,2
3,0,3
2,0,2
3,0,3
3,0,3
2,0,2
3,0,3
3,0,3
3,0,3
3,0,3
3,0,3
3,0,3
3,0,3
3,0,3
1,0,1
3,0,3
3,0,3
2,0,2
2,0,2
2,0,2
2,0,2
2,0,2
2,0,2
2,0,2
1,0,1
2,0,2
2,0,2
2,0,2
2,0,2
2,0,2
2,0,2
2,0,2
2,0,2
2,0,2
2,0,2
2,0,2
2,0,2
3,0,3
2,0,2
2,0,2
3,0,3
2,0,2
1,0,1
1,0,1
1,0,1
1,0,1
1,0,1
1,0,1
2,0,2
1,0,1
0,0,0
1,0,1
2,0,2
2,0,2
2,0,2
2,0,2
2,0,2
2,0,2
2,0,2
2,0,2
2,0,2
2,1,0
2,0,2
2,0,2
2,0,2
2,0,2
2,0,2
2,0,2
2,0,2
2,0,2
2,0,2
3,0,3
2,1,0
3,1,0
3,0,3
1,0,1
2,0,2
1,0,1
1,0,1
1,0,1
1,0,1
0,0,0
0,0,0
0,0,0
1,0,1
1,0,1
1,0,1
0,0,0
0,0,0
1,0,1
0,0,0
2,0,2
0,0,0
2,0,2
1,0,1
0,0,0
2,0,2
2,0,2
0,0,0
0,0,0
0,0,0
0,0,0
0,0,0
1,0,1
1,0,1
0,0,0
0,0,0
0,0,0
0,0,0
0,0,0
0,0,0
0,0,0
0,0,0
0,0,0
0,0,0
0,0,0
0,0,0
0,0,0
0,0,0
0,0,0
0,0,0
0,0,0
1,0,1
1,0,1
0,0,0
0,0,0
0,0,0
1,0,1
0,0,0
1,0,1
2,0,2
3,0,3
1,0,1
1,0,1
0,0,0
3,0,3
0,0,0
2,0,2
3,0,3
0,0,0
0,0,0
1,0,1
2,0,2
1,0,1
1,0,1
0,0,0
0,0,0
0,0,0
0,0,0
0,0,0
0,0,0
0,0,0
0,0,0
0,0,0
0,0,0
0,0,0
0,0,0
0,0,0
0,0,0
0,0,0
0,0,0
0,0,0
0,0,0
0,0,0
0,0,0
0,0,0
1,0,1
0,0,0
0,0,0
0,0,0
0,0,0
0,0,0
0,0,0
1,0,1
1,0,1
1,0,1
0,0,0
0,0,0
0,0,0
0,0,0
1,0,1
1,0,1
1,0,1
1,0,1
0,0,0
0,0,0
0,0,0
0,0,0
0,0,0
1,0,1
0,0,0
0,0,0
1,0,1
0,0,0
0,0,0
0,0,0
1,0,1
0,0,0
0,0,0
0,0,0
0,0,0
0,0,0
1,0,1
0,0,0
1,0,1
0,0,0
1,0,1
0,0,0
1,0,1
0,0,0
0,0,0
1,0,1
0,0,0
1,0,1
1,0,1
1,0,1
1,0,1
1,0,1
1,0,1
1,0,1
1,0,1
1,0,1
1,0,1
1,0,1
1,0,1
0,0,0
0,0,0
1,0,1
0,0,0
1,0,1
1,0,1
1,0,1
1,0,1
1,0,1
1,0,1
1,0,1
2,0,2
1,0,1
1,0,1
1,0,1
1,0,1
0,0,0
1,0,1
1,0,1
1,0,1
1,0,1
2,0,2
0,0,0
1,0,1
1,0,1
0,0,0
0,0,0
1,0,1
1,0,1
1,0,1
2,0,2
1,0,1
1,0,1
1,0,1
1,0,1
1,0,1
1,0,1
0,0,0
1,0,1
0,0,0
0,0,0
0,0,0
0,0,0
0,0,0
0,0,0
0,0,0
0,0,0
0,0,0
0,0,0
0,0,0
0,0,0
1,0,1
1,0,1
0,0,0
0,0,0
0,0,0
2,0,2
1,0,1
1,0,1
1,0,1
1,0,1
1,0,1
1,0,1
1,0,1
1,0,1
1,0,1
1,0,1
0,0,0
0,0,0
0,0,0
0,0,0
0,0,0
0,0,0
0,0,0
1,0,1
0,0,0
0,0,0
0,0,0
0,0,0
0,0,0
0,0,0
0,0,0
0,0,0
0,0,0
1,0,1
1,0,1
1,0,1
0,0,0
1,0,1
1,0,1
0,0,0
1,0,1
0,0,0
1,0,1
0,0,0
0,0,0
0,0,0
1,0,1
1,0,1
1,0,1
1,0,1
1,0,1
1,0,1
0,0,0
0,0,0
0,0,0
0,0,0
0,0,0
0,0,0
0,0,0
1,0,1
0,0,0
0,0,0
0,0,0
0,0,0
0,0,0
0,0,0
0,0,0
0,0,0
0,0,0
0,0,0
0,0,0
0,0,0
0,0,0
1,0,1
0,0,0
0,0,0
0,0,0
0,0,0
0,0,0
0,0,0
0,0,0
0,0,0
0,0,0
0,0,0
0,0,0
0,0,0
0,0,0
0,0,0
0,0,0
0,0,0
0,0,0
0,0,0
0,0,0
0,0,0
0,0,0
0,0,0
0,0,0
0,0,0
0,0,0
0,0,0
0,0,0
0,0,0
0,0,0
0,0,0
0,0,0
0,0,0
0,0,0
0,0,0
0,0,0
0,0,0
0,0,0
0,0,0
0,0,0
0,0,0
0,0,0
0,0,0
0,0,0
0,0,0
0,0,0
0,0,0
0,0,0
0,0,0
0,0,0
0,0,0
0,0,0
0,0,0
0,0,0
0,0,0
0,0,0
0,0,0
0,0,0
0,0,0
0,0,0
0,0,0
0,0,0
0,0,0
0,0,0
0,0,0
0,0,0
0,0,0
0,0,0
0,0,0
0,0,0
0,0,0
0,0,0
0,0,0
0,0,0
0,0,0
0,0,0
0,0,0
0,0,0
0,0,0
0,0,0
0,0,0
0,0,0
0,0,0
0,0,0
0,0,0
0,0,0
0,0,0
0,0,0
0,0,0
0,0,0
0,0,0
0,0,0
0,0,0
0,0,0
0,0,0
0,0,0
0,0,0
0,0,0
0,0,0
0,0,0
0,0,0
0,0,0
0,0,0
0,0,0
0,0,0
0,0,0
0,0,0
0,0,0
0,0,0
0,0,0
0,0,0
0,0,0
0,0,0
0,0,0
0,0,0
0,0,0
0,0,0
0,0,0
0,1,0
0,0,0
1,1,0
3,1,0
2,1,0
3,1,0
2,1,0
4,1,0
4,1,0
5,1,0
5,1,0
5,1,0
3,1,0
5,1,0
4,1,0
4,1,0
5,1,0
5,1,0
4,1,0
4,1,0
5,1,0
4,1,0
5,1,0
5,1,0
6,1,0
4,1,0
5,1,0
5,2,0
4,1,0
4,1,0
4,1,0
4,1,0
4,1,0
5,1,0
6,1,0
6,1,0
4,0,4
4,1,0
4,1,0
5,1,0
4,1,0
5,0,5
4,1,0
4,1,0
5,2,0
5,1,2
5,1,3
5,0,5
6,0,6
7,1,4
5,1,4
4,1,4
5,2,0
5,2,0
4,1,0
4,0,4
4,1,0
5,0,5
5,0,5
4,1,0
4,0,4
4,0,4
5,0,5
5,0,5
5,0,5
7,0,7
7,0,7
6,0,6
3,0,3
6,0,6
5,0,5
5,0,5
5,0,5
3,0,3
3,0,3
5,0,5
3,0,3
1,0,1
3,0,3
3,0,3
1,0,1
2,0,2
0,0,0
1,0,1
1,0,1
4,0,4
5,0,5
2,0,2
2,0,2
2,0,2
6,0,6
4,1,1
4,1,0
4,0,4
4,1,0
5,1,0
2,1,0
3,1,0
4,1,0
4,0,4
4,0,4
4,0,4
4,1,0
5,1,0
5,1,0
5,1,0
4,1,0
4,1,0
5,2,0
4,2,0
5,2,0
4,2,0
4,1,0
5,1,1
5,2,0
7,1,0
4,1,0
7,0,7
6,0,6
5,0,5
4,0,4
4,0,4
6,0,6
5,0,5
5,0,5
6,0,6
7,0,7
6,0,6
6,1,0
6,0,6
8,1,1
7,1,0
7,1,0
6,1,0
6,1,0
8,1,0
6,1,0
4,1,0
4,1,0
4,1,0
4,1,0
3,1,0
4,1,0
5,1,0
3,1,0
4,1,0
2,1,0
3,1,0
3,1,0
4,1,0
4,1,0
4,1,0
5,1,0
6,1,0
4,1,0
4,1,0
4,1,0
4,1,0
4,1,0
4,1,0
3,1,0
4,1,0
4,1,0
5,1,0
5,1,0
4,1,0
4,1,0
5,1,0
6,1,0
5,1,0
4,1,1
5,1,0
4,1,0
5,1,0
4,1,0
2,3,0
5,2,0
3,2,0
4,1,4
3,0,3
4,2,0
3,1,3
3,0,3
4,0,4
4,0,4
4,1,0
4,0,4
4,0,4
4,1,0
2,1,0
6,1,0
4,1,0
3,1,0
3,1,0
3,1,0
3,1,0
5,1,0
4,1,0
2,1,0
1,1,0
2,1,0
4,1,0
4,1,0
4,2,0
3,1,0
3,1,0
4,1,0
4,1,1
4,1,1
5,2,0
4,1,0
4,1,0
5,1,0
6,1,0
4,1,0
4,2,0
3,1,0
4,2,0
4,2,0
5,2,1
4,1,0
4,0,4
3,1,0
3,1,0
5,0,5
5,1,0
4,1,0
5,2,0
4,1,4
4,1,0
4,1,0
4,0,4
4,0,4
4,0,4
3,1,0
5,1,0
5,1,0
4,1,0
5,1,0
5,1,0
4,1,0
4,1,0
4,0,4
3,0,3
4,0,4
3,0,3
2,0,2
5,0,5
5,0,5
5,1,0
3,1,0
4,1,0
5,1,0
4,1,0
3,1,0
3,1,0
2,2,0
3,2,0
2,1,2
1,1,0
0,0,0
3,2,0
3,1,0
1,1,0
0,0,0
2,0,2
3,0,3
3,1,0
0,1,0
2,0,2
0,0,0
0,0,0
0,0,0
1,0,1
0,0,0
0,0,0
1,0,1
1,0,1
0,0,0
0,0,0
0,0,0
0,0,0
0,0,0
0,0,0
0,0,0
0,0,0
0,0,0
0,0,0
0,0,0
0,0,0
0,0,0
0,0,0
0,0,0
0,0,0
0,0,0
0,0,0
0,0,0
0,0,0
0,0,0
0,0,0
0,0,0
0,0,0
0,0,0
0,0,0
0,0,0
0,0,0
0,0,0
0,0,0
0,0,0
0,0,0
0,0,0
0,0,0
0,0,0
0,0,0
0,0,0
0,0,0
0,0,0
0,0,0
0,0,0
0,0,0
0,0,0
0,0,0
0,0,0
0,0,0
0,0,0
0,0,0
0,0,0
0,0,0
0,0,0
0,0,0
0,0,0
0,0,0
0,0,0
0,0,0
0,0,0
0,0,0
0,0,0
0,0,0
0,0,0
0,0,0
0,0,0
0,0,0
0,0,0
0,0,0
0,0,0
0,0,0
0,0,0
0,0,0
0,0,0
0,0,0
0,0,0
0,0,0
0,0,0
0,0,0
0,0,0
0,0,0
0,0,0
0,0,0
0,0,0
0,0,0
0,0,0
0,0,0
0,0,0
0,0,0
0,0,0
0,0,0
0,0,0
0,0,0
0,0,0
0,0,0
0,0,0
0,1,0
0,1,0
0,1,0
0,1,0
0,1,0
0,1,0
0,1,0
0,0,0
0,1,0
0,1,0
0,1,0
0,1,0
0,0,0
0,1,0
0,0,0
0,0,0
0,0,0
0,0,0
1,1,0
0,1,0
0,0,0
0,1,0
0,1,0
1,0,1
1,1,0
2,1,0
4,1,0
4,1,0
3,1,0
2,1,0
1,1,0
4,1,0
4,1,0
3,1,0
4,1,0
5,1,0
5,1,0
5,1,0
5,1,0
4,1,0
6,1,0
5,1,0
6,1,1
5,1,0
6,1,0
4,1,0
5,1,0
7,1,0
6,1,0
7,0,7
5,0,5
7,1,2
4,0,4
5,0,5
4,1,4
4,1,0
5,0,5
5,0,5
4,0,4
4,0,4
4,0,4
6,0,6
4,0,4
4,1,0
5,1,1
6,0,6
7,1,0
4,1,0
4,1,0
4,1,0
4,1,0
4,1,0
4,1,0
6,2,0
5,1,0
5,1,0
5,1,0
4,1,0
5,1,0
5,1,0
4,1,0
5,1,0
6,1,0
5,1,0
4,1,0
4,1,0
4,1,0
6,1,0
5,1,0
5,1,0
6,1,0
5,0,5
4,0,4
4,0,4
4,0,4
3,0,3
5,0,5
5,0,5
2,0,2
0,0,0
4,0,4
4,0,4
4,0,4
4,0,4
4,0,4
4,1,0
4,0,4
4,0,4
4,0,4
4,1,2
5,1,3
5,0,5
6,0,6
3,0,3
2,0,2
4,0,4
5,0,5
2,0,2
2,0,2
6,0,6
5,0,5
4,0,4
4,0,4
5,0,5
4,0,4
4,0,4
5,0,5
6,0,6
6,0,6
6,0,6
5,1,1
5,0,5
5,0,5
5,0,5
5,0,5
4,1,0
4,1,1
4,2,0
4,1,1
4,2,1
5,1,1
6,1,0
6,0,6
5,1,0
4,0,4
4,1,0
5,0,5
5,1,0
6,0,6
4,0,4
5,0,5
7,1,0
7,1,0
6,0,6
6,0,6
5,1,0
5,1,0
5,0,5
5,0,5
4,0,4
4,0,4
4,0,4
6,0,6
6,0,6
6,0,6
7,0,7
4,0,4
6,0,6
4,0,4
5,1,0
4,0,4
4,1,0
4,1,0
4,1,0
4,1,0
5,1,1
4,2,0
4,1,0
4,1,0
5,1,0
6,1,0
6,0,6
6,0,6
5,1,0
6,2,0
5,1,0
5,2,0
5,2,0
5,2,0
5,2,0
5,1,0
8,3,1
6,1,0
6,2,0
5,1,0
4,2,0
4,1,0
5,2,0
4,1,4
4,1,0
4,0,4
4,1,0
4,0,4
4,0,4
5,2,1
4,0,4
4,1,4
4,0,4
4,0,4
4,0,4
4,0,4
4,0,4
4,0,4
5,0,5
5,0,5
5,0,5
5,0,5
6,0,6
6,0,6
5,0,5
4,2,0
4,1,0
5,0,5
7,0,7
6,0,6
5,1,5
7,0,7
5,0,5
5,0,5
5,1,1
5,1,0
5,1,0
6,1,0
6,1,0
6,1,0
4,1,0
4,1,0
4,1,0
4,1,0
4,1,0
4,1,0
4,1,0
4,0,4
4,0,4
4,0,4
5,0,5
4,0,4
4,0,4
4,0,4
5,0,5
5,0,5
5,0,5
4,0,4
4,0,4
4,0,4
4,0,4
4,0,4
4,1,2
5,1,2
5,1,2
5,1,1
5,1,1
5,1,1
5,1,2
5,1,0
6,0,6
8,0,8
6,0,6
5,1,0
4,1,0
4,1,4
4,1,0
4,1,0
4,0,4
4,1,0
5,2,0
4,1,0
0,0,0
0,0,0
3,0,3
0,0,0
0,0,0
0,0,0
0,0,0
1,0,1
2,0,2
4,0,4
1,0,1
0,1,0
0,0,0
0,0,0
0,0,0
2,0,2
3,0,3
0,0,0
0,0,0
0,0,0
0,0,0
0,0,0
0,0,0
0,0,0
0,0,0
0,0,0
0,0,0
0,0,0
0,0,0
0,0,0
0,0,0
0,0,0
0,0,0
0,0,0
0,0,0
0,0,0
0,0,0
0,0,0
0,0,0
0,0,0
0,0,0
0,0,0
0,0,0
0,0,0
0,0,0
0,0,0
0,0,0
0,0,0
0,0,0
0,0,0
0,0,0
0,0,0
0,0,0
0,0,0
0,0,0
0,0,0
0,0,0
0,0,0
0,0,0
0,0,0
0,0,0
0,0,0
0,0,0
0,0,0
0,0,0
0,0,0
0,0,0
0,0,0
0,0,0
0,0,0
0,0,0
0,0,0
0,0,0
0,0,0
0,0,0
0,0,0
0,0,0
0,0,0
0,0,0
0,0,0
0,0,0
0,0,0
0,0,0
0,0,0
0,0,0
0,0,0
0,0,0
0,0,0
0,0,0
0,0,0
0,0,0
0,0,0
0,0,0
0,0,0
0,0,0
0,0,0
0,0,0
0,0,0
0,0,0
0,0,0
0,0,0
0,0,0
0,0,0
0,0,0
0,0,0
0,0,0
0,0,0
0,0,0
0,0,0
0,0,0
0,0,0
0,0,0
0,0,0
0,0,0
0,0,0
0,0,0
0,0,0
0,0,0
0,0,0
0,0,0
0,0,0
0,0,0
0,0,0
0,0,0
0,0,0
0,0,0
0,0,0
0,0,0
0,0,0
0,0,0
0,0,0
0,0,0
0,0,0
0,0,0
0,0,0
0,0,0
0,0,0
0,0,0
0,0,0
0,0,0
0,0,0
0,0,0
0,0,0
0,0,0
0,0,0
0,0,0
0,0,0
0,0,0
0,0,0
0,0,0
0,0,0
0,0,0
0,0,0
0,0,0
0,0,0
0,0,0
0,0,0
0,0,0
0,0,0
0,0,0
0,0,0
0,0,0
0,0,0
0,0,0
0,0,0
0,0,0
0,0,0
0,0,0
0,0,0
0,0,0
0,0,0
0,0,0
0,0,0
0,0,0
0,0,0
0,0,0
0,0,0
0,0,0
0,0,0
0,0,0
0,0,0
0,0,0
0,0,0
0,0,0
0,0,0
0,0,0
0,0,0
0,0,0
0,0,0
0,0,0
0,0,0
0,0,0
0,0,0
0,0,0
0,0,0
0,0,0
0,0,0
0,0,0
0,0,0
0,0,0
0,0,0
0,0,0
0,0,0
0,0,0
0,0,0
0,0,0
0,0,0
0,0,0
0,0,0
0,0,0
0,0,0
0,0,0
0,0,0
0,0,0
0,0,0
0,0,0
0,0,0
0,0,0
0,0,0
0,0,0
0,0,0
0,0,0
0,0,0
0,0,0
0,0,0
0,0,0
0,0,0
0,0,0
0,0,0
0,0,0
0,0,0
0,0,0
0,0,0
0,0,0
0,0,0
0,0,0
0,0,0
0,0,0
0,0,0
0,0,0
0,0,0
0,0,0
0,0,0
0,0,0
0,0,0
0,0,0
0,0,0
0,0,0
0,0,0
0,0,0
0,0,0
0,0,0
0,0,0
0,0,0
0,0,0
0,0,0
0,0,0
0,0,0
0,0,0
0,0,0
0,0,0
0,0,0
0,0,0
0,0,0
0,0,0
0,0,0
0,0,0
0,0,0
0,0,0
0,0,0
0,0,0
0,0,0
0,0,0
0,0,0
0,0,0
0,0,0
0,0,0
0,0,0
0,0,0
0,0,0
0,0,0
0,0,0
0,0,0
0,0,0
0,0,0
0,0,0
0,0,0
0,0,0
0,0,0
0,0,0
0,0,0
0,0,0
0,0,0
0,0,0
0,0,0
0,0,0
0,0,0
0,0,0
0,0,0
0,0,0
0,0,0
0,0,0
0,0,0
0,0,0
0,0,0
0,0,0
0,0,0
0,0,0
0,0,0
0,0,0
0,0,0
0,0,0
0,0,0
0,0,0
0,0,0
0,0,0
0,0,0
0,0,0
0,0,0
0,0,0
0,0,0
0,0,0
0,0,0
0,0,0
0,0,0
0,0,0
0,0,0
0,0,0
0,0,0
0,0,0
0,0,0
0,0,0
0,0,0
0,0,0
0,0,0
0,0,0
0,0,0
0,0,0
0,0,0
0,0,0
0,0,0
0,0,0
0,0,0
0,0,0
0,0,0
0,0,0
0,0,0
0,0,0
0,0,0
0,0,0
0,0,0
0,0,0
0,0,0
0,0,0
0,0,0
0,0,0
0,0,0
0,0,0
0,0,0
0,0,0
0,0,0
0,0,0
0,0,0
0,0,0
0,0,0
0,0,0
0,0,0
0,0,0
0,0,0
0,0,0
0,0,0
0,0,0
0,0,0
0,0,0
0,0,0
0,0,0
0,0,0
0,0,0
0,0,0
0,0,0
0,0,0
0,0,0
0,0,0
0,0,0
0,0,0
0,0,0
0,0,0
0,0,0
0,0,0
0,0,0
0,0,0
0,0,0
0,0,0
0,0,0
0,0,0
0,0,0
0,0,0
0,0,0
0,0,0
0,0,0
0,0,0
0,0,0
0,0,0
0,0,0
0,0,0
0,0,0
0,0,0
0,0,0
0,0,0
0,0,0
0,0,0
0,0,0
0,0,0
0,0,0
0,0,0
0,0,0
0,0,0
0,0,0
0,0,0
0,0,0
0,0,0
0,0,0
0,0,0
0,0,0
0,0,0
0,0,0
0,0,0
0,0,0
0,0,0
0,0,0
0,0,0
0,0,0
0,0,0
0,0,0
0,0,0
0,0,0
0,0,0
0,0,0
0,0,0
0,0,0
0,0,0
0,0,0
0,0,0
0,0,0
0,0,0
0,0,0
0,0,0
0,0,0
0,0,0
0,0,0
0,0,0
0,0,0
0,0,0
0,0,0
0,0,0
0,0,0
0,0,0
0,0,0
1,0,1
0,0,0
0,0,0
0,0,0
0,0,0
0,0,0
0,0,0
0,0,0
0,0,0
0,0,0
0,0,0
0,0,0
0,0,0
0,0,0
0,0,0
0,0,0
0,0,0
0,0,0
0,0,0
0,0,0
0,0,0
0,0,0
0,0,0
0,0,0
0,0,0
0,0,0
0,0,0
0,0,0
0,0,0
0,0,0
0,0,0
0,0,0
0,0,0
0,0,0
0,0,0
0,0,0
0,0,0
0,0,0
0,0,0
0,0,0
0,0,0
0,0,0
0,0,0
0,0,0
0,0,0
0,0,0
0,0,0
0,0,0
0,0,0
0,0,0
0,0,0
0,0,0
0,0,0
0,0,0
0,0,0
0,0,0
0,0,0
0,0,0
0,0,0
0,0,0
0,0,0
0,0,0
0,0,0
1,0,1
2,1,0
2,1,0
0,0,0
0,1,0
3,1,0
4,1,0
3,1,0
5,1,1
5,2,0
4,2,0
4,1,0
3,1,0
3,1,0
5,1,0
4,1,0
2,1,0
4,1,0
5,1,0
3,1,0
3,1,0
3,1,0
3,1,0
2,1,0
3,1,0
3,1,0
0,0,0
0,0,0
0,0,0
0,0,0
1,0,1
1,0,1
0,0,0
0,0,0
0,0,0
0,0,0
0,0,0
1,0,1
0,0,0
0,0,0
0,0,0
0,0,0
0,0,0
0,0,0
0,0,0
0,0,0
0,0,0
0,0,0
0,0,0
0,0,0
0,0,0
0,0,0
0,0,0
0,0,0
0,0,0
0,0,0
0,0,0
0,0,0
0,0,0
0,0,0
0,0,0
0,0,0
0,0,0
0,0,0
0,0,0
0,0,0
0,0,0
0,0,0
0,0,0
0,0,0
0,0,0
0,0,0
0,0,0
0,0,0
0,0,0
0,0,0
0,0,0
0,0,0
0,0,0
0,0,0
0,0,0
0,0,0
0,0,0
0,0,0
0,0,0
0,0,0
0,0,0
0,0,0
0,0,0
0,0,0
0,0,0
0,0,0
0,0,0
0,0,0
0,0,0
0,0,0
0,0,0
0,0,0
0,0,0
0,0,0
0,0,0
0,0,0
0,0,0
0,0,0
0,0,0
0,0,0
0,0,0
0,0,0
0,0,0
0,0,0
0,0,0
0,0,0
0,0,0
0,0,0
0,0,0
0,0,0
0,0,0
0,0,0
0,0,0
0,0,0
0,0,0
0,0,0
0,0,0
0,0,0
0,0,0
0,0,0
0,0,0
0,0,0
0,0,0
0,0,0
0,0,0
0,0,0
0,0,0
0,0,0
0,0,0
0,0,0
0,0,0
0,0,0
0,0,0
0,0,0
0,0,0
0,0,0
0,0,0
0,0,0
0,0,0
0,0,0
0,0,0
0,0,0
0,0,0
0,0,0
0,0,0
0,0,0
0,0,0
0,0,0
0,0,0
0,0,0
1,1,0
0,1,0
0,0,0
0,0,0
0,0,0
0,0,0
0,0,0
0,0,0
0,0,0
0,0,0
0,0,0
0,0,0
0,0,0
1,0,1
0,0,0
0,0,0
1,0,1
1,0,1
0,0,0
2,1,0
2,0,2
2,1,0
2,1,0
3,0,3
2,1,0
4,0,4
2,1,0
2,0,2
2,0,2
2,0,2
3,0,3
5,0,5
4,0,4
4,0,4
3,0,3
4,1,0
4,1,0
3,1,0
3,1,0
3,1,0
3,1,0
4,1,0
3,1,0
4,1,1
3,1,0
4,1,0
4,1,0
4,1,0
3,1,0
2,1,0
3,1,0
3,1,0
5,1,1
4,1,1
3,1,0
3,1,0
2,1,0
3,1,0
2,1,0
3,1,0
3,1,0
3,1,0
3,1,0
4,1,0
3,1,0
3,1,0
2,2,0
3,1,0
2,1,0
2,1,0
3,1,0
3,1,0
3,1,0
2,1,0
2,1,0
2,1,0
3,1,0
2,1,0
3,1,0
3,1,0
3,1,0
4,1,0
2,1,0
4,1,0
3,0,3
3,1,0
2,0,2
0,0,0
0,0,0
0,0,0
0,0,0
0,0,0
0,0,0
0,0,0
0,0,0
0,0,0
0,0,0
1,0,1
0,0,0
0,0,0
0,0,0
0,0,0
0,0,0
0,0,0
0,0,0
0,0,0
1,0,1
2,0,2
4,0,4
2,0,2
2,0,2
3,0,3
3,0,3
3,0,3
3,0,3
3,0,3
3,0,3
4,1,0
5,1,0
4,1,0
4,1,0
3,1,0
3,1,0
2,1,0
3,1,0
3,1,0
2,1,0
3,1,0
3,1,0
3,1,0
3,1,0
2,1,0
4,1,0
5,1,0
3,1,0
2,1,0
2,1,0
2,1,0
2,1,0
2,1,0
2,1,0
2,1,0
3,1,0
3,1,0
4,1,0
3,1,0
3,1,0
3,1,0
3,0,3
3,1,0
4,1,0
3,1,0
3,1,0
3,1,0
3,1,0
3,1,0
3,0,3
3,0,3
3,1,0
3,1,0
3,1,0
2,1,0
3,1,0
3,1,0
3,1,0
4,1,0
3,1,0
3,1,0
4,1,0
4,0,4
4,1,0
4,1,0
3,1,0
4,1,0
3,1,0
3,1,0
3,1,0
3,1,0
3,1,0
3,1,0
3,1,0
3,1,0
3,1,0
3,1,0
3,1,0
1,1,0
2,1,0
1,1,0
0,1,0
3,1,0
2,1,0
3,1,0
3,1,0
3,1,0
2,1,0
1,1,0
1,0,1
3,0,3
4,1,1
3,1,1
3,1,0
4,1,0
2,1,0
0,0,0
1,0,1
2,0,2
1,0,1
2,1,0
2,0,2
2,0,2
2,0,2
2,0,2
3,1,0
2,1,0
2,1,0
2,0,2
2,0,2
2,0,2
3,0,3
3,0,3
1,0,1
3,0,3
3,1,0
3,1,0
2,0,2
3,0,3
4,0,4
6,0,6
3,0,3
3,0,3
3,0,3
4,0,4
2,0,2
0,1,0
3,0,3
2,0,2
1,0,1
3,0,3
4,0,4
3,1,0
3,0,3
4,0,4
4,0,4
3,0,3
4,0,4
3,0,3
2,0,2
2,0,2
2,0,2
2,0,2
2,0,2
2,0,2
0,0,0
1,0,1
3,0,3
0,0,0
0,0,0
1,0,1
2,0,2
2,0,2
2,0,2
3,0,3
2,0,2
3,0,3
3,0,3
3,0,3
3,0,3
3,0,3
3,0,3
3,0,3
3,0,3
3,0,3
3,0,3
3,0,3
2,0,2
1,0,1
3,0,3
2,0,2
3,0,3
3,0,3
3,0,3
3,0,3
3,0,3
3,0,3
3,0,3
3,0,3
4,0,4
3,0,3
3,0,3
3,0,3
3,0,3
3,0,3
3,0,3
3,0,3
3,0,3
3,0,3
3,0,3
3,0,3
2,0,2
1,0,1
2,1,0
2,1,0
0,0,0
0,0,0
0,0,0
0,0,0
0,0,0
0,0,0
0,0,0
0,0,0
0,0,0
0,0,0
0,0,0
0,0,0
0,0,0
0,0,0
0,0,0
0,0,0
0,0,0
0,0,0
0,0,0
0,0,0
0,0,0
0,0,0
0,0,0
0,0,0
0,0,0
0,0,0
0,0,0
0,0,0
0,0,0
0,0,0
0,0,0
0,0,0
0,0,0
0,0,0
0,0,0
0,0,0
0,0,0
0,0,0
0,0,0
0,0,0
0,0,0
0,0,0
0,0,0
0,0,0
0,0,0
0,0,0
0,0,0
0,0,0
0,0,0
0,0,0
0,0,0
0,0,0
0,0,0
0,0,0
0,0,0
0,0,0
0,0,0
0,0,0
0,0,0
0,0,0
0,0,0
0,0,0
0,0,0
0,0,0
0,0,0
0,0,0
0,0,0
0,0,0
0,0,0
0,0,0
0,0,0
0,0,0
0,0,0
0,0,0
0,0,0
0,0,0
0,0,0
0,0,0
0,0,0
0,0,0
0,0,0
0,0,0
0,0,0
0,0,0
0,0,0
0,0,0
0,0,0
0,0,0
0,0,0
0,0,0
0,0,0
0,0,0
0,0,0
0,0,0
0,0,0
0,0,0
0,0,0
0,0,0
0,0,0
0,0,0
0,0,0
0,0,0
0,0,0
0,0,0
0,0,0
0,0,0
0,0,0
0,0,0
0,0,0
0,0,0
0,0,0
0,0,0
0,0,0
0,0,0
0,0,0
0,0,0
0,0,0
0,0,0
0,0,0
0,0,0
0,0,0
0,0,0
0,0,0
0,0,0
0,0,0
0,0,0
0,0,0
0,0,0
0,0,0
0,0,0
0,0,0
0,0,0
0,0,0
0,0,0
0,0,0
0,0,0
0,0,0
0,0,0
0,0,0
0,0,0
0,0,0
0,0,0
0,0,0
0,0,0
0,0,0
0,0,0
0,0,0
0,0,0
0,0,0
0,0,0
0,0,0
0,0,0
0,0,0
0,0,0
0,0,0
0,0,0
0,0,0
0,0,0
0,0,0
0,0,0
0,0,0
0,0,0
0,0,0
0,0,0
0,0,0
0,0,0
0,0,0
0,0,0
0,0,0
0,0,0
0,0,0
0,0,0
0,0,0
0,0,0
0,0,0
0,0,0
0,0,0
0,0,0
0,0,0
0,0,0
0,0,0
0,0,0
0,0,0
0,0,0
0,0,0
0,0,0
0,0,0
0,0,0
0,0,0
0,0,0
0,0,0
0,0,0
0,0,0
0,0,0
0,0,0
0,0,0
0,0,0
0,0,0
0,0,0
0,0,0
0,0,0
0,0,0
0,0,0
0,0,0
0,0,0
0,0,0
0,0,0
0,0,0
0,0,0
0,0,0
0,0,0
0,0,0
0,0,0
0,0,0
0,0,0
0,0,0
0,0,0
0,0,0
0,0,0
0,0,0
0,0,0
0,0,0
0,0,0
0,0,0
0,0,0
0,0,0
0,0,0
0,0,0
0,0,0
0,0,0
0,0,0
0,0,0
0,0,0
0,0,0
0,0,0
0,0,0
0,0,0
0,0,0
0,0,0
1,0,1
1,0,1
2,0,2
3,1,0
2,1,0
2,2,0
3,1,0
3,1,0
4,1,0
4,1,1
3,1,1
5,1,2
5,1,1
5,1,1
4,1,0
4,1,0
5,1,0
3,1,0
4,1,0
4,1,0
6,1,0
5,1,0
5,1,0
4,1,0
3,0,3
5,0,5
4,1,1
4,1,0
5,1,0
4,1,0
5,1,0
4,0,4
5,1,0
5,1,0
5,1,0
5,1,0
5,0,5
4,1,0
4,1,0
4,1,0
4,1,0
4,1,0
4,1,0
4,1,0
5,1,0
4,1,0
4,1,0
4,1,0
4,1,0
3,1,0
4,1,0
4,1,0
4,1,0
4,1,0
4,1,0
5,1,0
3,1,0
5,1,0
6,1,1
4,1,0
3,1,0
4,1,0
4,1,1
3,1,0
3,1,0
3,1,0
3,1,0
3,1,1
3,1,0
3,1,0
3,1,0
3,1,0
3,1,0
3,1,0
2,1,0
2,1,0
2,1,0
2,1,0
2,1,0
3,1,0
3,1,0
3,0,3
4,1,0
3,1,0
3,1,0
2,1,0
3,1,0
4,1,0
3,1,0
3,1,0
3,1,0
3,1,0
3,1,0
3,1,0
3,0,3
3,1,0
3,1,0
3,1,0
3,1,0
3,1,0
3,1,0
3,1,0
3,1,0
3,1,0
3,1,0
3,1,0
4,1,0
3,1,0
3,1,0
4,1,0
5,1,0
5,1,0
4,1,0
5,1,0
4,1,1
3,1,0
6,1,0
6,1,2
5,1,2
6,1,0
6,1,0
4,1,0
4,1,0
4,1,0
4,1,0
4,1,1
4,1,0
4,1,0
4,1,0
4,1,0
4,1,0
4,1,0
4,1,0
4,1,0
4,1,0
4,1,0
4,1,0
4,1,0
4,1,1
4,1,1
4,1,1
4,1,1
4,1,1
4,1,1
4,1,0
4,1,0
4,1,0
4,1,0
4,1,1
4,1,0
4,1,0
4,1,1
4,1,1
4,1,1
4,1,0
4,1,1
4,1,1
4,1,1
4,1,1
4,1,0
4,1,0
4,1,1
4,1,0
4,1,0
3,1,0
4,1,0
4,1,0
3,1,0
3,1,0
3,1,0
3,1,0
3,1,0
3,1,0
3,1,0
2,1,0
2,1,0
2,1,0
2,1,0
3,1,0
3,1,0
2,1,0
2,1,0
2,1,0
2,1,0
2,1,0
2,1,0
2,1,0
2,1,0
2,1,0
2,1,0
2,1,0
4,1,0
3,1,0
3,1,0
4,2,0
4,2,0
3,1,0
3,1,0
3,2,0
3,1,0
3,1,0
3,1,0
3,1,0
3,1,0
3,1,0
3,1,0
3,1,0
2,1,0
2,1,0
2,1,0
2,1,0
2,0,2
2,1,0
2,1,0
2,1,0
2,1,0
2,1,0
3,1,0
2,1,0
3,1,0
3,1,0
2,1,0
3,1,0
2,1,0
3,1,0
4,1,0
4,1,0
4,1,0
4,1,0
4,1,0
4,1,0
3,1,0
4,1,1
3,1,0
3,1,0
3,1,0
3,2,0
3,2,0
3,2,0
2,2,0
2,1,0
2,2,0
3,1,0
2,1,0
2,1,0
3,1,0
4,1,0
2,1,0
2,1,0
2,1,0
2,1,0
3,1,0
3,1,0
2,1,0
3,1,0
3,1,0
3,1,0
3,1,0
2,1,0
2,1,0
2,1,0
2,1,0
3,1,0
3,1,0
2,1,0
3,1,0
2,1,0
3,1,0
3,1,0
2,1,0
2,1,0
4,1,0
4,1,0
3,1,0
3,1,0
2,1,0
3,1,2
3,1,0
4,1,2
4,1,2
4,1,2
4,1,1
4,1,0
4,1,2
3,1,1
3,1,1
4,1,2
3,1,1
4,1,1
4,1,0
4,1,0
4,1,1
4,1,1
4,1,1
4,1,1
4,1,1
4,1,1
4,1,1
4,1,1
4,1,1
4,1,1
4,1,0
4,1,0
4,1,0
5,1,0
5,1,2
5,1,2
4,1,0
4,1,1
5,1,2
5,1,2
5,1,2
5,1,0
4,1,0
5,1,0
5,1,0
5,1,0
5,1,1
5,1,1
5,1,1
5,1,1
5,1,1
4,1,0
4,1,1
6,1,2
6,1,2
4,1,1
4,1,0
5,1,0
5,1,0
5,1,0
5,1,0
4,1,0
5,1,0
4,1,0
4,1,0
4,1,1
6,1,1
5,1,0
6,1,1
4,1,1
6,1,1
5,1,1
5,1,0
5,1,0
5,1,0
5,1,0
5,1,0
5,1,0
5,1,0
4,1,0
5,1,0
5,1,0
5,1,0
5,1,0
4,1,0
4,2,0
5,2,0
4,1,0
4,1,0
4,1,0
4,1,0
4,2,0
4,2,0
4,1,0
4,1,0
4,1,1
4,1,1
4,1,0
3,1,1
3,1,0
3,1,1
3,1,0
3,1,0
3,1,0
3,1,0
3,1,0
3,1,1
4,1,0
4,1,0
4,1,0
4,1,0
4,1,0
4,1,0
5,1,1
5,1,0
4,1,0
5,1,2
3,1,0
5,1,0
3,1,0
3,1,0
3,1,0
4,1,0
5,1,0
4,1,0
4,1,0
4,1,0
5,1,0
4,1,0
4,1,0
5,1,0
4,1,0
4,1,0
3,1,0
3,1,0
3,1,0
3,1,0
4,1,0
4,1,0
4,1,0
4,1,0
4,1,0
4,1,0
4,1,0
4,2,0
4,1,0
3,2,0
3,1,0
3,1,0
3,1,0
4,1,0
4,2,0
4,1,1
4,2,0
4,1,0
4,1,0
4,1,0
4,1,0
4,1,0
4,1,0
4,1,0
4,1,1
3,1,0
4,1,1
4,1,1
4,1,0
3,1,0
5,1,0
4,1,1
4,0,4
4,1,1
4,1,0
4,1,1
5,1,0
5,1,2
5,1,0
4,1,0
4,1,0
4,1,2
5,1,2
3,1,0
4,1,0
4,1,0
5,1,0
3,1,0
3,1,0
3,1,0
3,1,0
3,1,0
3,1,0
3,1,0
3,1,0
3,1,0
3,1,0
3,1,0
4,1,1
3,0,3
3,0,3
3,0,3
4,0,4
3,0,3
4,0,4
3,1,0
2,0,2
3,0,3
2,0,2
3,0,3
2,0,2
2,0,2
2,0,2
2,1,0
2,1,0
2,0,2
2,0,2
2,0,2
2,1,0
2,0,2
2,0,2
2,0,2
2,0,2
2,0,2
2,0,2
2,0,2
2,0,2
2,0,2
2,0,2
2,0,2
2,0,2
2,0,2
2,0,2
2,0,2
2,0,2
3,0,3
3,0,3
3,0,3
3,0,3
3,0,3
3,0,3
3,0,3
3,0,3
3,0,3
3,0,3
2,0,2
2,0,2
2,0,2
2,0,2
2,0,2
3,0,3
3,0,3
3,0,3
2,0,2
2,0,2
3,0,3
3,0,3
3,0,3
3,0,3
4,0,4
4,0,4
3,0,3
3,0,3
2,0,2
2,0,2
2,0,2
2,0,2
2,0,2
3,0,3
3,0,3
2,0,2
4,0,4
5,0,5
4,0,4
3,0,3
3,0,3
3,0,3
3,0,3
2,0,2
2,0,2
3,0,3
2,0,2
3,0,3
2,0,2
3,0,3
2,0,2
2,0,2
2,0,2
2,0,2
2,0,2
2,0,2
3,0,3
3,0,3
3,0,3
2,0,2
3,0,3
2,0,2
2,0,2
2,0,2
3,0,3
3,0,3
3,0,3
2,0,2
2,0,2
2,0,2
3,0,3
3,0,3
3,0,3
3,0,3
2,0,2
4,1,1
3,1,0
3,1,0
3,1,0
2,0,2
3,0,3
4,1,1
4,1,1
3,1,0
3,0,3
2,0,2
2,0,2
3,1,0
2,0,2
2,0,2
2,0,2
2,1,0
2,1,0
3,1,0
2,0,2
2,1,1
2,0,2
2,0,2
3,1,1
2,1,1
2,0,2
2,0,2
2,0,2
0,0,0
3,0,3
2,0,2
2,0,2
2,0,2
2,0,2
2,0,2
3,0,3
2,0,2
2,0,2
2,0,2
2,0,2
2,0,2
2,0,2
3,0,3
3,0,3
2,0,2
2,0,2
2,0,2
3,0,3
3,1,0
2,1,0
3,1,0
3,0,3
2,0,2
2,0,2
2,0,2
2,0,2
0,0,0
1,0,1
3,0,3
2,0,2
3,1,0
3,1,1
3,1,1
3,1,2
3,1,1
3,1,1
2,1,2
2,0,2
2,0,2
2,0,2
2,0,2
2,0,2
2,0,2
2,0,2
2,0,2
2,0,2
2,0,2
0,0,0
2,0,2
2,0,2
2,1,0
2,1,0
2,1,1
3,1,1
2,1,0
2,0,2
3,1,0
3,1,0
3,1,0
3,1,0
3,1,0
3,1,0
3,1,0
3,1,1
4,1,0
4,1,0
3,1,0
2,1,0
2,0,2
1,0,1
1,0,1
1,0,1
2,0,2
2,0,2
3,1,0
2,0,2
0,0,0
2,0,2
2,1,0
2,1,0
3,1,0
1,1,0
1,1,0
2,1,0
1,1,0
3,1,0
3,1,0
3,1,0
3,1,0
3,1,0
3,0,3
2,1,0
2,1,0
2,1,0
2,1,0
2,1,1
2,1,1
2,1,1
2,1,0
2,1,1
3,1,1
3,1,2
2,1,0
3,1,0
3,1,0
3,1,0
2,1,0
2,1,0
3,1,0
2,0,2
2,0,2
2,0,2
2,1,1
3,1,1
2,1,0
2,1,1
3,1,0
3,1,1
3,1,1
3,1,0
3,1,0
3,0,3
2,0,2
2,0,2
0,0,0
2,1,1
2,1,1
2,1,0
3,1,0
3,1,0
3,1,0
3,1,0
3,1,0
3,0,3
3,0,3
3,0,3
3,0,3
2,0,2
2,0,2
2,0,2
1,0,1
1,0,1
2,1,1
3,1,1
3,1,1
3,1,2
3,1,1
3,1,1
3,1,1
3,1,0
3,1,2
3,1,0
2,0,2
3,0,3
2,0,2
2,0,2
1,0,1
0,0,0
1,0,1
2,0,2
3,0,3
2,1,0
2,1,1
3,1,0
2,0,2
3,1,0
2,1,0
1,1,0
3,1,1
3,1,0
2,1,0
2,1,0
3,1,0
3,1,0
2,1,0
3,1,1
3,1,0
3,1,0
4,1,1
3,1,1
3,1,1
3,1,0
3,1,0
3,1,0
3,1,0
3,1,0
3,1,1
1,1,0
1,1,0
1,1,0
2,1,0
1,1,0
1,1,0
0,1,0
2,1,0
2,0,2
0,1,0
0,1,0
0,1,0
3,1,0
2,1,0
2,1,0
1,1,0
3,0,3
2,0,2
1,0,1
1,0,1
2,0,2
3,0,3
3,0,3
3,0,3
4,0,4
3,0,3
3,0,3
3,0,3
3,0,3
3,0,3
3,1,0
3,1,0
3,1,0
3,1,0
3,1,0
2,0,2
3,1,0
3,0,3
3,0,3
3,1,0
3,0,3
2,0,2
0,0,0
2,0,2
2,0,2
2,0,2
2,1,0
2,1,0
1,1,0
2,0,2
2,0,2
2,0,2
3,1,0
3,1,0
3,1,0
3,1,0
3,1,0
2,1,0
2,1,0
1,0,1
2,0,2
3,1,0
3,1,0
2,1,0
3,1,0
3,1,1
3,1,1
3,1,0
2,1,0
2,1,0
2,1,1
2,1,1
2,0,2
3,1,0
3,1,0
3,1,0
2,1,0
2,1,0
3,1,0
3,1,0
3,1,0
2,0,2
2,0,2
2,0,2
2,0,2
3,1,0
3,1,0
5,1,0
4,1,0
4,1,0
4,1,0
4,1,0
3,1,0
3,0,3
3,0,3
2,0,2
2,0,2
2,0,2
2,0,2
2,0,2
2,0,2
3,0,3
3,0,3
2,0,2
3,0,3
3,0,3
3,0,3
3,0,3
3,0,3
3,0,3
4,0,4
3,0,3
4,1,0
4,1,1
4,0,4
4,0,4
4,1,0
4,1,0
4,0,4
4,0,4
4,1,0
3,1,0
3,0,3
2,0,2
3,0,3
3,0,3
3,0,3
3,0,3
3,1,0
3,0,3
3,0,3
0,0,0
2,1,0
3,2,0
4,1,0
4,1,0
4,1,0
3,1,0
3,1,0
3,1,0
4,1,0
3,1,0
3,1,0
4,1,0
3,1,0
3,1,0
3,1,0
3,1,0
5,1,0
5,1,0
0,1,0
0,1,0
6,1,0
5,1,0
2,1,0
1,1,0
3,1,0
4,1,0
4,1,0
4,1,0
4,1,0
4,1,0
5,1,0
5,1,0
5,1,0
5,1,0
6,1,0
2,1,0
1,1,0
4,1,0
2,1,0
4,1,0
4,1,0
4,1,0
4,1,0
4,1,0
4,1,0
4,1,0
1,1,0
5,1,0
6,1,0
6,1,0
5,1,0
4,1,0
4,1,0
4,1,0
4,1,0
4,1,0
4,1,0
4,1,0
4,1,0
5,1,0
5,1,0
2,1,0
1,1,0
3,1,0
2,1,0
4,1,0
4,1,0
4,1,0
4,1,0
4,1,0
6,1,0
6,1,0
4,1,0
5,1,0
4,0,4
3,1,0
7,1,0
6,1,0
5,1,0
5,1,0
6,0,6
5,1,0
5,1,3
4,0,4
6,0,6
5,0,5
5,1,0
5,1,0
4,1,0
5,1,0
5,1,0
7,1,0
7,1,0
5,1,0
6,1,0
5,1,0
5,1,0
5,1,0
5,1,0
4,1,0
6,0,6
6,0,6
6,0,6
9,1,0
6,0,6
5,1,0
6,0,6
5,1,0
5,1,0
5,1,0
6,1,0
4,1,0
4,1,0
4,1,0
4,1,0
4,1,0
3,1,0
4,1,0
5,1,0
5,1,0
5,2,0
5,1,0
5,1,0
4,2,0
5,2,0
6,1,0
6,1,0
6,1,0
4,1,0
4,1,0
4,1,0
5,1,0
5,1,0
6,1,0
6,1,0
5,2,0
5,2,0
5,1,0
5,1,0
5,1,0
4,1,0
4,1,0
3,1,0
4,1,0
4,1,0
4,1,0
4,1,0
5,1,0
5,1,0
5,1,0
4,1,0
4,1,0
4,1,0
5,1,0
5,1,0
6,1,0
6,1,0
5,1,0
5,1,1
6,1,1
6,1,0
6,1,0
6,1,0
5,1,0
4,1,0
5,1,1
4,1,0
4,1,0
6,1,1
6,1,0
6,1,1
5,0,5
5,0,5
4,1,0
4,1,0
4,1,0
4,1,1
4,1,0
5,1,0
5,1,0
6,1,0
5,1,0
4,1,0
5,2,0
5,2,0
4,1,0
4,1,0
4,1,0
4,1,0
4,1,0
5,1,0
5,1,0
6,1,0
6,1,0
4,1,0
5,1,1
7,2,2
5,2,0
8,1,4
3,2,0
5,2,1
3,2,0
5,1,1
2,1,0
6,1,0
4,1,0
4,1,0
5,1,0
2,1,0
2,0,2
2,0,2
2,0,2
0,0,0
0,0,0
1,0,1
1,0,1
2,0,2
1,0,1
2,0,2
0,0,0
0,0,0
0,0,0
0,0,0
0,0,0
0,0,0
0,0,0
0,0,0
0,0,0
0,0,0
0,0,0
0,0,0
0,0,0
0,0,0
0,0,0
0,0,0
0,0,0
0,0,0
0,0,0
0,0,0
0,0,0
0,0,0
0,0,0
0,0,0
0,0,0
0,0,0
0,0,0
0,0,0
0,0,0
0,0,0
0,0,0
0,0,0
0,0,0
0,0,0
0,0,0
0,0,0
0,0,0
0,0,0
0,0,0
0,0,0
0,0,0
0,0,0
0,0,0
0,0,0
0,0,0
0,0,0
0,0,0
0,0,0
0,0,0
0,0,0
0,0,0
0,0,0
0,0,0
0,0,0
0,0,0
0,0,0
0,0,0
0,0,0
0,0,0
0,0,0
0,0,0
0,0,0
0,0,0
0,0,0
0,0,0
0,0,0
0,0,0
0,0,0
0,0,0
0,0,0
0,0,0
0,0,0
0,0,0
0,0,0
0,0,0
0,0,0
0,0,0
0,0,0
0,0,0
0,0,0
0,0,0
0,0,0
0,0,0
0,0,0
0,0,0
0,0,0
0,1,0
0,0,0
0,1,0
0,0,0
0,0,0
0,0,0
0,0,0
0,0,0
0,0,0
0,0,0
2,1,0
1,1,0
1,0,1
3,1,0
3,1,0
3,1,0
3,1,0
3,1,0
3,0,3
3,1,0
4,1,0
4,1,0
4,1,0
4,1,0
4,1,0
5,1,0
4,1,0
4,1,0
4,1,0
6,1,0
5,1,0
6,1,0
5,1,0
5,1,0
5,1,0
4,1,0
4,1,0
4,1,0
4,1,0
5,1,0
5,1,0
4,1,0
4,1,0
5,0,5
4,1,0
5,1,0
4,1,0
4,1,0
4,1,0
5,1,0
4,1,0
4,1,0
4,1,0
4,1,0
5,1,0
6,1,0
6,1,0
5,1,0
5,1,0
4,1,0
4,1,0
4,1,0
4,1,0
5,0,5
5,1,4
5,0,5
4,1,0
5,1,0
4,1,0
4,1,0
4,1,0
6,0,6
6,0,6
5,0,5
5,1,0
5,1,0
4,0,4
5,1,0
3,1,0
5,0,5
5,1,0
3,0,3
3,0,3
3,0,3
3,0,3
2,0,2
1,0,1
1,0,1
2,0,2
1,0,1
1,0,1
3,0,3
1,0,1
2,0,2
1,0,1
5,0,5
1,0,1
0,0,0
3,0,3
2,0,2
2,0,2
2,0,2
3,1,0
3,0,3
5,1,0
4,0,4
5,0,5
5,0,5
5,0,5
5,0,5
5,0,5
7,0,7
4,0,4
5,0,5
6,1,0
6,1,0
6,1,0
5,1,0
5,1,0
5,1,0
4,1,0
5,1,0
5,1,0
5,1,0
5,1,0
5,1,0
5,1,0
6,1,0
5,1,0
5,1,0
5,2,0
5,1,0
4,1,0
5,1,0
5,1,0
5,1,0
5,1,0
5,1,0
5,1,0
4,1,0
6,1,0
5,0,5
4,1,0
5,1,0
4,1,0
3,1,0
4,1,0
4,0,4
4,1,0
4,1,0
4,1,0
5,1,0
4,1,0
4,1,0
5,1,0
4,1,0
4,1,0
3,1,0
3,1,0
3,1,0
4,1,0
4,1,0
4,1,0
5,1,0
4,1,0
5,1,0
5,1,0
4,1,0
4,1,0
4,1,0
5,1,0
5,1,0
4,1,0
3,1,0
3,1,0
1,1,0
4,1,0
4,2,0
5,1,0
5,1,0
4,1,0
4,1,0
3,1,0
4,1,0
3,1,0
5,1,0
4,1,0
2,1,0
3,1,0
3,1,0
3,1,0
3,1,0
4,1,0
4,1,0
4,1,0
4,1,0
4,1,0
3,1,0
3,1,0
4,1,0
4,1,0
5,1,0
5,1,0
4,1,0
3,0,3
5,1,0
5,1,0
5,1,0
5,0,5
4,0,4
3,0,3
5,0,5
5,1,0
6,0,6
5,0,5
4,0,4
5,0,5
4,0,4
5,1,2
5,0,5
6,0,6
4,0,4
4,0,4
4,0,4
4,0,4
4,0,4
4,0,4
3,0,3
5,0,5
4,0,4
5,0,5
3,0,3
4,0,4
4,0,4
4,0,4
3,0,3
4,0,4
4,0,4
4,0,4
5,0,5
4,0,4
5,1,5
5,0,5
4,0,4
4,0,4
6,0,6
4,0,4
4,0,4
4,0,4
4,0,4
4,0,4
5,0,5
3,0,3
3,0,3
3,0,3
2,0,2
2,0,2
1,0,1
0,0,0
0,0,0
0,0,0
0,0,0
0,1,0
0,0,0
0,0,0
0,0,0
0,0,0
0,0,0
0,0,0
0,0,0
0,0,0
0,0,0
